2015-06-30--23:25:38 -62 -73 23 -4
2015-06-30--23:25:38 -62 -73 23 -4
2015-06-30--23:25:38 -62 -73 23 -4
2015-06-30--23:25:38 -62 -73 23 -4
2015-06-30--23:25:38 -62 -73 23 -4
2015-06-30--23:25:38 -62 -73 23 -4
2015-06-30--23:25:38 -47 -74 23 -5
2015-06-30--23:25:38 -47 -74 23 -5
2015-06-30--23:25:38 -47 -74 23 -5
2015-06-30--23:25:38 -47 -74 23 -5
2015-06-30--23:25:38 -47 -74 23 -5
2015-06-30--23:25:38 -47 -74 23 -5
2015-06-30--23:25:38 -47 -74 23 -5
2015-06-30--23:25:38 -47 -74 23 -5
2015-06-30--23:25:38 -47 -74 23 -5
2015-06-30--23:25:38 -47 -74 23 -5
2015-06-30--23:25:38 -47 -74 23 -5
2015-06-30--23:25:38 -47 -74 23 -5
2015-06-30--23:25:38 -47 -74 23 -5
2015-06-30--23:25:38 -47 -74 23 -5
2015-06-30--23:25:38 -47 -74 23 -5
2015-06-30--23:25:38 -47 -74 23 -5
2015-06-30--23:25:38 -47 -74 23 -5
2015-06-30--23:25:38 -47 -74 23 -5
2015-06-30--23:25:38 -47 -74 23 -5
2015-06-30--23:25:38 -47 -74 23 -5
2015-06-30--23:25:38 -47 -74 23 -5
2015-06-30--23:25:38 -47 -74 23 -5
2015-06-30--23:25:38 -47 -74 23 -5
2015-06-30--23:25:38 -47 -74 23 -5
2015-06-30--23:25:38 -47 -74 23 -5
2015-06-30--23:25:38 -47 -74 23 -5
2015-06-30--23:25:38 -47 -74 23 -5
2015-06-30--23:25:38 -47 -74 23 -5
2015-06-30--23:25:38 -47 -74 23 -5
2015-06-30--23:25:38 -47 -74 23 -5
2015-06-30--23:25:38 -47 -74 23 -5
2015-06-30--23:25:38 -47 -74 23 -5
2015-06-30--23:25:38 -47 -74 23 -5
2015-06-30--23:25:38 -47 -74 23 -5
2015-06-30--23:25:38 -47 -74 23 -5
2015-06-30--23:25:38 -47 -74 23 -5
2015-06-30--23:25:38 -47 -74 23 -5
2015-06-30--23:25:38 -47 -74 23 -5
2015-06-30--23:25:38 -47 -74 23 -5
2015-06-30--23:25:38 -47 -74 23 -5
2015-06-30--23:25:38 -47 -74 23 -5
2015-06-30--23:25:38 -47 -74 23 -5
2015-06-30--23:25:38 -47 -74 23 -5
2015-06-30--23:25:38 -47 -74 23 -5
2015-06-30--23:25:38 -47 -74 23 -5
2015-06-30--23:25:38 -47 -74 23 -5
2015-06-30--23:25:38 -47 -74 23 -5
2015-06-30--23:25:38 -47 -74 23 -5
2015-06-30--23:25:38 -50 -77 23 -5
2015-06-30--23:25:39 -57 -75 23 -5
2015-06-30--23:25:39 -45 -72 23 -5
2015-06-30--23:25:39 -52 -79 23 -5
2015-06-30--23:25:40 -47 -74 23 -5
2015-06-30--23:25:41 -52 -79 23 -5
2015-06-30--23:25:49 -58 -88 23 -8
2015-06-30--23:25:50 -57 -88 23 -9
2015-06-30--23:25:50 -57 -88 23 -9
2015-06-30--23:25:54 -50 -77 23 -6
2015-06-30--23:25:54 -43 -70 23 -6
2015-06-30--23:25:55 -49 -68 23 -5
2015-06-30--23:25:55 -55 -78 23 -6
2015-06-30--23:25:56 -44 -71 23 -5
2015-06-30--23:25:56 -55 -74 23 -6
2015-06-30--23:25:56 -44 -71 23 -6
2015-06-30--23:25:57 -53 -77 23 -5
2015-06-30--23:25:57 -48 -75 23 -6
2015-06-30--23:25:57 -55 -78 23 -6
2015-06-30--23:25:58 -45 -72 23 -5
2015-06-30--23:25:58 -52 -73 23 -6
2015-06-30--23:25:58 -39 -66 23 -6
2015-06-30--23:25:59 -48 -75 23 -5
2015-06-30--23:26:00 -54 -73 23 -5
2015-06-30--23:26:00 -44 -70 23 -5
2015-06-30--23:26:00 -58 -76 23 -5
2015-06-30--23:26:00 -47 -74 23 -5
2015-06-30--23:26:01 -54 -80 23 -6
2015-06-30--23:26:01 -44 -71 23 -5
2015-06-30--23:26:02 -49 -76 23 -6
2015-06-30--23:26:02 -43 -69 23 -5
2015-06-30--23:26:03 -60 -67 23 -4
2015-06-30--23:26:03 -46 -73 23 -6
2015-06-30--23:26:04 -54 -81 23 -6
2015-06-30--23:26:04 -47 -74 23 -5
2015-06-30--23:26:05 -58 -80 23 -6
2015-06-30--23:26:06 -66 -90 23 -6
2015-06-30--23:26:07 -72 -96 23 -8
2015-06-30--23:26:07 -66 -96 23 -9
2015-06-30--23:26:07 -65 -96 23 -9
2015-06-30--23:26:07 -65 -96 23 -9
2015-06-30--23:26:08 -56 -77 23 -7
2015-06-30--23:26:08 -50 -79 23 -7
2015-06-30--23:26:08 -56 -83 23 -8
2015-06-30--23:26:08 -44 -72 23 -7
2015-06-30--23:26:09 -53 -71 23 -7
2015-06-30--23:26:10 -60 -84 23 -8
2015-06-30--23:26:10 -46 -75 23 -8
2015-06-30--23:26:11 -59 -76 23 -8
2015-06-30--23:26:11 -54 -72 23 -8
2015-06-30--23:26:11 -46 -76 23 -8
2015-06-30--23:26:12 -54 -71 23 -9
2015-06-30--23:26:12 -39 -73 23 -13
2015-06-30--23:26:12 -58 -77 23 -10
2015-06-30--23:26:14 -47 -77 23 -9
2015-06-30--23:26:14 -59 -82 23 -10
2015-06-30--23:26:14 -44 -77 23 -11
2015-06-30--23:26:14 -59 -86 23 -12
2015-06-30--23:26:15 -49 -82 23 -11
2015-06-30--23:26:15 -59 -80 23 -12
2015-06-30--23:26:16 -50 -83 23 -11
2015-06-30--23:26:16 -62 -83 23 -10
2015-06-30--23:26:18 -67 -89 23 -9
2015-06-30--23:26:21 -62 -93 23 -9
2015-06-30--23:26:21 -62 -93 23 -9
2015-06-30--23:26:21 -55 -78 23 -5
2015-06-30--23:26:21 -50 -76 23 -5
2015-06-30--23:26:22 -44 -70 23 -5
2015-06-30--23:26:23 -50 -71 23 -6
2015-06-30--23:26:23 -43 -69 23 -5
2015-06-30--23:26:27 -48 -84 23 -14
2015-06-30--23:26:28 -45 -78 23 -11
2015-06-30--23:26:28 -45 -78 23 -11
2015-06-30--23:26:28 -36 -64 23 -6
2015-06-30--23:26:29 -42 -70 23 -6
2015-06-30--23:26:29 -50 -77 23 -6
2015-06-30--23:26:29 -42 -69 23 -6
2015-06-30--23:26:30 -48 -76 23 -7
2015-06-30--23:26:31 -55 -84 23 -7
2015-06-30--23:26:35 -60 -92 23 -10
2015-06-30--23:26:36 -60 -92 23 -10
2015-06-30--23:26:36 -60 -92 23 -10
2015-06-30--23:26:37 -55 -84 23 -7
2015-06-30--23:26:38 -48 -76 23 -6
2015-06-30--23:26:39 -55 -82 23 -6
2015-06-30--23:26:42 -50 -77 23 -6
2015-06-30--23:26:43 -55 -83 23 -7
2015-06-30--23:26:46 -61 -84 23 -7
2015-06-30--23:26:47 -55 -83 23 -6
2015-06-30--23:26:49 -49 -79 23 -8
2015-06-30--23:26:49 -59 -83 23 -8
2015-06-30--23:26:53 -64 -91 23 -8
2015-06-30--23:26:53 -58 -91 23 -11
2015-06-30--23:26:53 -65 -94 23 -11
2015-06-30--23:26:54 -65 -96 23 -13
2015-06-30--23:26:54 -65 -96 23 -13
2015-06-30--23:26:55 -60 -88 23 -7
2015-06-30--23:26:58 -52 -78 23 -5
2015-06-30--23:26:58 -59 -84 23 -5
2015-06-30--23:26:59 -54 -80 23 -5
2015-06-30--23:27:06 -57 -87 23 -9
2015-06-30--23:27:06 -57 -87 23 -9
2015-06-30--23:27:06 -49 -76 23 -6
2015-06-30--23:27:07 -56 -79 23 -6
2015-06-30--23:27:09 -62 -82 23 -7
2015-06-30--23:27:09 -51 -78 23 -6
2015-06-30--23:27:10 -61 -83 23 -7
2015-06-30--23:27:10 -53 -80 23 -5
2015-06-30--23:27:11 -63 -83 23 -6
2015-06-30--23:27:14 -62 -92 23 -11
2015-06-30--23:27:14 -62 -92 23 -11
2015-06-30--23:27:14 -50 -77 23 -6
2015-06-30--23:27:14 -58 -75 23 -6
2015-06-30--23:27:14 -50 -78 23 -6
2015-06-30--23:27:15 -60 -77 23 -6
2015-06-30--23:27:15 -48 -74 23 -5
2015-06-30--23:27:16 -56 -68 23 -5
2015-06-30--23:27:16 -42 -68 23 -5
2015-06-30--23:27:17 -52 -68 23 -7
2015-06-30--23:27:17 -38 -66 23 -6
2015-06-30--23:27:18 -47 -73 23 -5
2015-06-30--23:27:20 -52 -75 23 -6
2015-06-30--23:27:21 -46 -73 23 -6
2015-06-30--23:27:22 -54 -72 23 -5
2015-06-30--23:27:22 -44 -72 23 -6
2015-06-30--23:27:23 -55 -76 23 -5
2015-06-30--23:27:24 -49 -76 23 -5
2015-06-30--23:27:25 -56 -83 23 -6
2015-06-30--23:27:27 -64 -88 23 -9
2015-06-30--23:27:27 -57 -90 23 -11
2015-06-30--23:27:28 -53 -90 23 -16
2015-06-30--23:27:29 -53 -90 23 -16
2015-06-30--23:27:29 -52 -79 23 -6
2015-06-30--23:27:30 -57 -85 23 -8
2015-06-30--23:27:31 -52 -79 23 -6
2015-06-30--23:27:35 -46 -74 23 -6
2015-06-30--23:27:37 -52 -81 23 -8
2015-06-30--23:27:38 -61 -90 23 -9
2015-06-30--23:27:38 -53 -88 23 -13
2015-06-30--23:27:39 -57 -90 23 -11
2015-06-30--23:27:39 -60 -90 23 -9
2015-06-30--23:27:42 -52 -80 23 -7
2015-06-30--23:27:42 -60 -80 23 -6
2015-06-30--23:27:42 -48 -76 23 -6
2015-06-30--23:27:43 -39 -66 23 -5
2015-06-30--23:27:44 -49 -74 23 -6
2015-06-30--23:27:44 -37 -63 23 -5
2015-06-30--23:27:46 -26 -58 23 -11
2015-06-30--23:27:46 -31 -58 23 -5
2015-06-30--23:27:47 -37 -57 23 -6
2015-06-30--23:27:47 -30 -57 23 -6
2015-06-30--23:27:48 -42 -63 23 -6
2015-06-30--23:27:49 -51 -74 23 -6
2015-06-30--23:27:49 -40 -67 23 -6
2015-06-30--23:27:50 -34 -64 23 -8
2015-06-30--23:27:50 -40 -67 23 -5
2015-06-30--23:27:51 -50 -76 23 -6
2015-06-30--23:27:53 -56 -83 23 -6
2015-06-30--23:27:53 -64 -86 23 -7
2015-06-30--23:27:53 -57 -86 23 -8
2015-06-30--23:27:54 -63 -88 23 -7
2015-06-30--23:27:54 -58 -87 23 -8
2015-06-30--23:27:54 -63 -93 23 -9
2015-06-30--23:27:56 -68 -99 23 -13
2015-06-30--23:27:57 -67 -100 23 -12
2015-06-30--23:27:57 -67 -100 23 -12
2015-06-30--23:28:01 -63 -91 23 -7
2015-06-30--23:28:03 -57 -84 23 -6
2015-06-30--23:28:03 -66 -91 23 -6
2015-06-30--23:28:03 -61 -89 23 -7
2015-06-30--23:28:04 -55 -83 23 -6
2015-06-30--23:28:05 -64 -89 23 -6
2015-06-30--23:28:05 -57 -85 23 -7
2015-06-30--23:28:06 -63 -89 23 -7
2015-06-30--23:28:08 -55 -87 23 -10
2015-06-30--23:28:10 -54 -91 23 -15
2015-06-30--23:28:10 -54 -91 23 -15
2015-06-30--23:28:10 -61 -87 23 -8
2015-06-30--23:28:11 -54 -85 23 -9
2015-06-30--23:28:13 -58 -92 23 -14
2015-06-30--23:28:13 -58 -92 23 -14
2015-06-30--23:28:14 -43 -69 23 -5
2015-06-30--23:28:14 -51 -78 23 -5
2015-06-30--23:28:15 -46 -72 23 -5
2015-06-30--23:28:15 -52 -71 23 -5
2015-06-30--23:28:15 -43 -70 23 -5
2015-06-30--23:28:16 -49 -76 23 -5
2015-06-30--23:28:17 -54 -82 23 -6
2015-06-30--23:28:18 -60 -89 23 -7
2015-06-30--23:28:19 -66 -91 23 -8
2015-06-30--23:28:19 -61 -90 23 -8
2015-06-30--23:28:20 -68 -97 23 -10
2015-06-30--23:28:21 -69 -98 23 -12
2015-06-30--23:28:21 -60 -87 23 -6
2015-06-30--23:28:25 -54 -82 23 -7
2015-06-30--23:28:29 -48 -75 23 -6
2015-06-30--23:28:29 -54 -78 23 -6
2015-06-30--23:28:29 -47 -78 23 -10
2015-06-30--23:28:31 -53 -80 23 -6
2015-06-30--23:28:35 -58 -87 23 -10
2015-06-30--23:28:37 -58 -92 23 -14
2015-06-30--23:28:37 -58 -92 23 -14
2015-06-30--23:28:38 -51 -79 23 -7
2015-06-30--23:28:42 -58 -83 23 -5
2015-06-30--23:28:44 -63 -90 23 -6
2015-06-30--23:28:46 -69 -96 23 -8
2015-06-30--23:28:49 -70 -100 23 -11
2015-06-30--23:28:49 -70 -100 23 -11
2015-06-30--23:28:49 -63 -88 23 -5
2015-06-30--23:28:52 -57 -83 23 -5
2015-06-30--23:28:53 -43 -74 23 -10
2015-06-30--23:28:53 -52 -79 23 -5
2015-06-30--23:28:54 -47 -74 23 -5
2015-06-30--23:28:54 -53 -75 23 -6
2015-06-30--23:28:56 -59 -80 23 -5
2015-06-30--23:28:56 -53 -79 23 -5
2015-06-30--23:28:57 -62 -87 23 -5
2015-06-30--23:28:58 -68 -93 23 -6
2015-06-30--23:29:00 -74 -101 23 -6
2015-06-30--23:29:03 -82 -106 23 -7
2015-06-30--23:29:04 -53 -80 23 -5
2015-06-30--23:29:04 -53 -80 23 -5
2015-06-30--23:29:04 -53 -80 23 -5
2015-06-30--23:29:04 -61 -87 23 -7
2015-06-30--23:29:09 -52 -84 23 -10
2015-06-30--23:29:09 -58 -94 23 -17
2015-06-30--23:29:10 -56 -92 23 -14
2015-06-30--23:29:10 -56 -92 23 -14
2015-06-30--23:29:19 -60 -86 23 -8
2015-06-30--23:29:20 -58 -89 23 -12
2015-06-30--23:29:20 -58 -89 23 -12
2015-06-30--23:29:20 -50 -77 23 -5
2015-06-30--23:29:21 -55 -83 23 -6
2015-06-30--23:29:23 -50 -77 23 -6
2015-06-30--23:29:24 -57 -80 23 -6
2015-06-30--23:29:24 -49 -75 23 -5
2015-06-30--23:29:24 -42 -69 23 -6
2015-06-30--23:29:25 -51 -78 23 -6
2015-06-30--23:29:25 -57 -84 23 -6
2015-06-30--23:29:28 -65 -92 23 -6
2015-06-30--23:29:30 -71 -99 23 -9
2015-06-30--23:29:33 -66 -100 23 -12
2015-06-30--23:29:35 -68 -104 23 -15
2015-06-30--23:29:35 -68 -104 23 -15
2015-06-30--23:29:40 -58 -97 23 -17
2015-06-30--23:29:42 -63 -99 23 -14
2015-06-30--23:29:42 -63 -99 23 -14
2015-06-30--23:29:42 -69 -103 23 -13
2015-06-30--23:29:43 -69 -107 23 -16
2015-06-30--23:29:43 -69 -107 23 -16
2015-06-30--23:29:43 -64 -97 23 -11
2015-06-30--23:29:44 -69 -102 23 -11
2015-06-30--23:29:51 -63 -91 23 -7
2015-06-30--23:29:52 -56 -87 23 -9
2015-06-30--23:29:52 -63 -86 23 -10
2015-06-30--23:29:52 -52 -85 23 -12
2015-06-30--23:29:53 -60 -88 23 -6
2015-06-30--23:29:54 -67 -92 23 -7
2015-06-30--23:29:54 -59 -87 23 -7
2015-06-30--23:29:56 -53 -81 23 -6
2015-06-30--23:29:56 -61 -84 23 -6
2015-06-30--23:29:56 -55 -83 23 -6
2015-06-30--23:29:57 -46 -73 23 -6
2015-06-30--23:29:58 -58 -82 23 -6
2015-06-30--23:29:58 -49 -74 23 -5
2015-06-30--23:29:59 -58 -81 23 -7
2015-06-30--23:29:59 -51 -78 23 -6
2015-06-30--23:30:00 -58 -81 23 -7
2015-06-30--23:30:01 -50 -78 23 -6
2015-06-30--23:30:02 -58 -84 23 -6
2015-06-30--23:30:02 -52 -79 23 -6
2015-06-30--23:30:06 -58 -87 23 -10
2015-06-30--23:30:08 -55 -90 23 -13
2015-06-30--23:30:08 -55 -90 23 -13
2015-06-30--23:30:09 -52 -80 23 -6
2015-06-30--23:30:10 -47 -74 23 -5
2015-06-30--23:30:10 -53 -79 23 -5
2015-06-30--23:30:16 -59 -87 23 -7
2015-06-30--23:30:18 -65 -92 23 -7
2015-06-30--23:30:20 -60 -91 23 -10
2015-06-30--23:30:21 -67 -94 23 -14
2015-06-30--23:30:21 -57 -94 23 -16
2015-06-30--23:30:21 -60 -96 23 -14
2015-06-30--23:30:21 -60 -96 23 -14
2015-06-30--23:30:23 -63 -88 23 -7
2015-06-30--23:30:23 -58 -85 23 -5
2015-06-30--23:30:26 -51 -78 23 -5
2015-06-30--23:30:26 -46 -73 23 -6
2015-06-30--23:30:27 -52 -78 23 -6
2015-06-30--23:30:27 -46 -73 23 -5
2015-06-30--23:30:28 -51 -78 23 -5
2015-06-30--23:30:28 -46 -72 23 -5
2015-06-30--23:30:29 -52 -78 23 -6
2015-06-30--23:30:30 -46 -74 23 -6
2015-06-30--23:30:30 -52 -79 23 -6
2015-06-30--23:30:30 -44 -70 23 -5
2015-06-30--23:30:31 -50 -77 23 -6
2015-06-30--23:30:32 -56 -86 23 -9
2015-06-30--23:30:33 -50 -80 23 -8
2015-06-30--23:30:34 -56 -87 23 -9
2015-06-30--23:30:35 -55 -90 23 -14
2015-06-30--23:30:35 -55 -90 23 -14
2015-06-30--23:30:37 -62 -87 23 -7
2015-06-30--23:30:37 -56 -83 23 -6
2015-06-30--23:30:42 -64 -87 23 -6
2015-06-30--23:30:43 -57 -86 23 -7
2015-06-30--23:30:43 -64 -88 23 -6
2015-06-30--23:30:45 -58 -85 23 -6
2015-06-30--23:30:48 -50 -77 23 -5
2015-06-30--23:30:50 -47 -80 23 -11
2015-06-30--23:30:50 -47 -80 23 -11
2015-06-30--23:30:50 -37 -70 23 -12
2015-06-30--23:30:51 -44 -71 23 -6
2015-06-30--23:30:51 -50 -77 23 -6
2015-06-30--23:30:51 -57 -85 23 -7
2015-06-30--23:30:53 -62 -89 23 -8
2015-06-30--23:30:53 -54 -83 23 -7
2015-06-30--23:30:53 -63 -87 23 -7
2015-06-30--23:30:54 -54 -84 23 -8
2015-06-30--23:30:55 -47 -74 23 -5
2015-06-30--23:30:55 -41 -69 23 -6
2015-06-30--23:30:55 -47 -71 23 -7
2015-06-30--23:30:59 -37 -63 23 -5
2015-06-30--23:31:00 -43 -62 23 -5
2015-06-30--23:31:00 -35 -62 23 -5
2015-06-30--23:31:01 -41 -62 23 -6
2015-06-30--23:31:01 -35 -62 23 -6
2015-06-30--23:31:01 -43 -64 23 -5
2015-06-30--23:31:04 -50 -75 23 -7
2015-06-30--23:31:07 -43 -79 23 -14
2015-06-30--23:31:08 -42 -80 23 -16
2015-06-30--23:31:08 -42 -80 23 -16
2015-06-30--23:31:09 -49 -76 23 -6
2015-06-30--23:31:10 -55 -80 23 -7
2015-06-30--23:31:13 -49 -76 23 -6
2015-06-30--23:31:15 -60 -91 23 -15
2015-06-30--23:31:16 -54 -92 23 -16
2015-06-30--23:31:16 -54 -92 23 -16
2015-06-30--23:31:16 -54 -92 23 -16
2015-06-30--23:31:17 -47 -74 23 -5
2015-06-30--23:31:17 -42 -69 23 -5
2015-06-30--23:31:18 -54 -68 23 -5
2015-06-30--23:31:18 -42 -68 23 -5
2015-06-30--23:31:20 -48 -68 23 -5
2015-06-30--23:31:20 -43 -70 23 -5
2015-06-30--23:31:20 -51 -73 23 -5
2015-06-30--23:31:24 -59 -87 23 -7
2015-06-30--23:31:25 -52 -88 23 -14
2015-06-30--23:31:26 -44 -87 23 -19
2015-06-30--23:31:26 -44 -87 23 -19
2015-06-30--23:31:26 -44 -87 23 -19
2015-06-30--23:31:26 -51 -76 23 -6
2015-06-30--23:31:27 -43 -69 23 -5
2015-06-30--23:31:27 -50 -77 23 -6
2015-06-30--23:31:28 -44 -70 23 -5
2015-06-30--23:31:29 -51 -79 23 -7
2015-06-30--23:31:30 -45 -72 23 -7
2015-06-30--23:31:31 -48 -76 23 -7
2015-06-30--23:31:31 -48 -76 23 -7
2015-06-30--23:31:31 -39 -66 23 -5
2015-06-30--23:31:34 -33 -60 23 -5
2015-06-30--23:31:34 -46 -62 23 -5
2015-06-30--23:31:35 -55 -79 23 -5
2015-06-30--23:31:35 -47 -74 23 -6
2015-06-30--23:31:36 -55 -79 23 -6
2015-06-30--23:31:37 -50 -72 23 -5
2015-06-30--23:31:39 -55 -78 23 -5
2015-06-30--23:31:40 -60 -81 23 -7
2015-06-30--23:31:40 -53 -82 23 -7
2015-06-30--23:31:41 -59 -81 23 -9
2015-06-30--23:31:42 -58 -84 23 -13
2015-06-30--23:31:42 -40 -69 23 -7
2015-06-30--23:31:42 -46 -73 23 -6
2015-06-30--23:31:43 -53 -76 23 -6
2015-06-30--23:31:44 -45 -72 23 -6
2015-06-30--23:31:45 -52 -72 23 -5
2015-06-30--23:31:47 -45 -72 23 -6
2015-06-30--23:31:48 -55 -75 23 -5
2015-06-30--23:31:48 -46 -73 23 -6
2015-06-30--23:31:49 -53 -76 23 -6
2015-06-30--23:31:50 -44 -71 23 -5
2015-06-30--23:31:51 -58 -74 23 -6
2015-06-30--23:31:51 -48 -75 23 -5
2015-06-30--23:31:51 -56 -78 23 -7
2015-06-30--23:31:52 -47 -74 23 -5
2015-06-30--23:31:52 -53 -73 23 -7
2015-06-30--23:31:53 -45 -73 23 -6
2015-06-30--23:31:53 -54 -74 23 -6
2015-06-30--23:31:54 -47 -75 23 -6
2015-06-30--23:31:54 -56 -76 23 -8
2015-06-30--23:31:55 -50 -77 23 -6
2015-06-30--23:31:55 -61 -78 23 -6
2015-06-30--23:31:55 -53 -80 23 -6
2015-06-30--23:31:56 -60 -79 23 -6
2015-06-30--23:31:56 -52 -79 23 -5
2015-06-30--23:31:56 -58 -85 23 -5
2015-06-30--23:31:58 -51 -78 23 -6
2015-06-30--23:31:58 -56 -83 23 -6
2015-06-30--23:31:58 -62 -85 23 -8
2015-06-30--23:32:00 -55 -83 23 -6
2015-06-30--23:32:00 -62 -87 23 -9
2015-06-30--23:32:00 -52 -85 23 -12
2015-06-30--23:32:00 -64 -88 23 -7
2015-06-30--23:32:00 -55 -85 23 -9
2015-06-30--23:32:01 -63 -87 23 -7
2015-06-30--23:32:01 -57 -91 23 -13
2015-06-30--23:32:11 -58 -85 23 -6
2015-06-30--23:32:13 -64 -93 23 -8
2015-06-30--23:32:14 -67 -96 23 -7
2015-06-30--23:32:14 -67 -96 23 -7
2015-06-30--23:32:14 -52 -78 23 -5
2015-06-30--23:32:16 -46 -73 23 -5
2015-06-30--23:32:17 -54 -76 23 -5
2015-06-30--23:32:18 -49 -75 23 -5
2015-06-30--23:32:18 -59 -83 23 -5
2015-06-30--23:32:21 -51 -78 23 -5
2015-06-30--23:32:21 -58 -84 23 -5
2015-06-30--23:32:23 -64 -87 23 -6
2015-06-30--23:32:25 -65 -92 23 -12
2015-06-30--23:32:25 -65 -92 23 -12
2015-06-30--23:32:25 -58 -85 23 -6
2015-06-30--23:32:25 -63 -88 23 -6
2015-06-30--23:32:26 -58 -85 23 -6
2015-06-30--23:32:26 -52 -79 23 -5
2015-06-30--23:32:27 -46 -73 23 -5
2015-06-30--23:32:27 -60 -73 23 -5
2015-06-30--23:32:27 -51 -78 23 -5
2015-06-30--23:32:28 -59 -78 23 -5
2015-06-30--23:32:28 -51 -78 23 -5
2015-06-30--23:32:30 -57 -83 23 -5
2015-06-30--23:32:30 -65 -87 23 -5
2015-06-30--23:32:30 -60 -86 23 -5
2015-06-30--23:32:31 -69 -88 23 -5
2015-06-30--23:32:32 -75 -98 23 -5
2015-06-30--23:32:35 -72 -99 23 -6
2015-06-30--23:32:35 -72 -99 23 -6
2015-06-30--23:32:35 -60 -85 23 -6
2015-06-30--23:32:40 -49 -82 23 -12
2015-06-30--23:32:41 -55 -86 23 -15
2015-06-30--23:32:41 -50 -86 23 -15
2015-06-30--23:32:41 -55 -91 23 -15
2015-06-30--23:32:43 -55 -90 23 -13
2015-06-30--23:32:43 -55 -90 23 -13
2015-06-30--23:32:43 -48 -78 23 -8
2015-06-30--23:32:44 -43 -70 23 -5
2015-06-30--23:32:45 -56 -84 23 -7
2015-06-30--23:32:45 -49 -77 23 -6
2015-06-30--23:32:46 -59 -86 23 -5
2015-06-30--23:32:46 -54 -81 23 -5
2015-06-30--23:32:47 -62 -90 23 -6
2015-06-30--23:32:47 -57 -85 23 -7
2015-06-30--23:32:48 -51 -82 23 -10
2015-06-30--23:32:48 -60 -87 23 -6
2015-06-30--23:32:51 -58 -92 23 -13
2015-06-30--23:32:51 -58 -92 23 -13
2015-06-30--23:32:52 -54 -81 23 -5
2015-06-30--23:32:53 -61 -86 23 -5
2015-06-30--23:32:58 -68 -96 23 -7
2015-06-30--23:33:01 -70 -106 23 -14
2015-06-30--23:33:01 -70 -106 23 -14
2015-06-30--23:33:02 -60 -86 23 -5
2015-06-30--23:33:06 -54 -80 23 -5
2015-06-30--23:33:07 -47 -73 23 -5
2015-06-30--23:33:07 -58 -81 23 -5
2015-06-30--23:33:08 -45 -71 23 -5
2015-06-30--23:33:09 -52 -66 23 -5
2015-06-30--23:33:09 -43 -70 23 -5
2015-06-30--23:33:09 -57 -77 23 -5
2015-06-30--23:33:09 -51 -78 23 -5
2015-06-30--23:33:10 -57 -76 23 -5
2015-06-30--23:33:10 -49 -75 23 -5
2015-06-30--23:33:11 -56 -83 23 -5
2015-06-30--23:33:11 -43 -70 23 -5
2015-06-30--23:33:12 -49 -72 23 -6
2015-06-30--23:33:13 -55 -82 23 -5
2015-06-30--23:33:15 -60 -87 23 -7
2015-06-30--23:33:16 -54 -80 23 -6
2015-06-30--23:33:17 -46 -74 23 -6
2015-06-30--23:33:18 -53 -78 23 -7
2015-06-30--23:33:19 -51 -79 23 -8
2015-06-30--23:33:19 -51 -79 23 -8
2015-06-30--23:33:19 -47 -75 23 -7
2015-06-30--23:33:19 -53 -82 23 -8
2015-06-30--23:33:20 -63 -85 23 -6
2015-06-30--23:33:20 -57 -85 23 -7
2015-06-30--23:33:23 -65 -91 23 -6
2015-06-30--23:33:24 -59 -85 23 -5
2015-06-30--23:33:25 -65 -93 23 -7
2015-06-30--23:33:26 -71 -95 23 -7
2015-06-30--23:33:27 -65 -92 23 -6
2015-06-30--23:33:28 -71 -97 23 -9
2015-06-30--23:33:31 -71 -104 23 -13
2015-06-30--23:33:31 -71 -104 23 -13
2015-06-30--23:33:31 -65 -93 23 -6
2015-06-30--23:33:33 -71 -92 23 -7
2015-06-30--23:33:33 -65 -92 23 -6
2015-06-30--23:33:34 -59 -86 23 -5
2015-06-30--23:33:34 -68 -90 23 -6
2015-06-30--23:33:34 -61 -87 23 -5
2015-06-30--23:33:35 -55 -82 23 -5
2015-06-30--23:33:36 -62 -83 23 -6
2015-06-30--23:33:38 -56 -83 23 -5
2015-06-30--23:33:40 -50 -77 23 -6
2015-06-30--23:33:44 -55 -75 23 -7
2015-06-30--23:33:44 -49 -78 23 -8
2015-06-30--23:33:44 -54 -80 23 -8
2015-06-30--23:33:46 -53 -83 23 -9
2015-06-30--23:33:46 -53 -83 23 -9
2015-06-30--23:33:47 -48 -74 23 -5
2015-06-30--23:33:47 -53 -81 23 -6
2015-06-30--23:33:49 -59 -89 23 -8
2015-06-30--23:33:51 -59 -91 23 -10
2015-06-30--23:33:51 -59 -91 23 -10
2015-06-30--23:33:55 -51 -77 23 -5
2015-06-30--23:33:56 -57 -83 23 -5
2015-06-30--23:33:56 -52 -78 23 -6
2015-06-30--23:33:57 -58 -85 23 -6
2015-06-30--23:33:57 -51 -78 23 -5
2015-06-30--23:33:58 -58 -85 23 -5
2015-06-30--23:34:00 -48 -74 23 -5
2015-06-30--23:34:00 -55 -79 23 -5
2015-06-30--23:34:02 -60 -87 23 -5
2015-06-30--23:34:08 -66 -92 23 -6
2015-06-30--23:34:16 -68 -101 23 -11
2015-06-30--23:34:16 -68 -101 23 -11
2015-06-30--23:34:18 -67 -93 23 -6
2015-06-30--23:34:19 -61 -88 23 -6
2015-06-30--23:34:23 -55 -82 23 -5
2015-06-30--23:34:28 -61 -86 23 -6
2015-06-30--23:34:32 -61 -91 23 -9
2015-06-30--23:34:32 -61 -91 23 -9
2015-06-30--23:34:36 -67 -94 23 -7
2015-06-30--23:34:39 -70 -100 23 -11
2015-06-30--23:34:39 -70 -100 23 -11
2015-06-30--23:34:40 -65 -98 23 -12
2015-06-30--23:34:40 -65 -98 23 -12
2015-06-30--23:34:46 -67 -97 23 -8
2015-06-30--23:34:46 -67 -97 23 -8
2015-06-30--23:34:46 -67 -97 23 -8
2015-06-30--23:34:47 -62 -90 23 -7
2015-06-30--23:34:48 -54 -82 23 -6
2015-06-30--23:34:58 -60 -84 23 -6
2015-06-30--23:35:00 -66 -91 23 -8
2015-06-30--23:35:01 -60 -90 23 -9
2015-06-30--23:35:01 -65 -91 23 -9
2015-06-30--23:35:01 -58 -87 23 -8
2015-06-30--23:35:02 -65 -91 23 -9
2015-06-30--23:35:02 -55 -88 23 -11
2015-06-30--23:35:03 -54 -91 23 -15
2015-06-30--23:35:03 -54 -91 23 -15
2015-06-30--23:35:03 -64 -83 23 -7
2015-06-30--23:35:03 -53 -81 23 -6
2015-06-30--23:35:04 -47 -74 23 -6
2015-06-30--23:35:04 -64 -73 23 -5
2015-06-30--23:35:04 -42 -70 23 -6
2015-06-30--23:35:05 -65 -68 23 -3
2015-06-30--23:35:05 -40 -68 23 -6
2015-06-30--23:35:07 -50 -62 23 -5
2015-06-30--23:35:07 -33 -61 23 -6
2015-06-30--23:35:08 -41 -68 23 -5
2015-06-30--23:35:09 -50 -65 23 -5
2015-06-30--23:35:10 -38 -65 23 -5
2015-06-30--23:35:10 -53 -70 23 -5
2015-06-30--23:35:11 -47 -73 23 -5
2015-06-30--23:35:11 -57 -76 23 -6
2015-06-30--23:35:11 -47 -74 23 -5
2015-06-30--23:35:12 -54 -70 23 -5
2015-06-30--23:35:12 -43 -69 23 -5
2015-06-30--23:35:12 -49 -76 23 -6
2015-06-30--23:35:13 -44 -70 23 -5
2015-06-30--23:35:13 -49 -76 23 -5
2015-06-30--23:35:14 -43 -69 23 -5
2015-06-30--23:35:14 -51 -78 23 -6
2015-06-30--23:35:15 -59 -80 23 -6
2015-06-30--23:35:15 -54 -80 23 -6
2015-06-30--23:35:15 -59 -84 23 -7
2015-06-30--23:35:16 -51 -81 23 -9
2015-06-30--23:35:16 -58 -87 23 -9
2015-06-30--23:35:17 -55 -90 23 -13
2015-06-30--23:35:17 -55 -90 23 -13
2015-06-30--23:35:17 -52 -79 23 -6
2015-06-30--23:35:19 -57 -80 23 -5
2015-06-30--23:35:20 -43 -70 23 -5
2015-06-30--23:35:20 -53 -79 23 -5
2015-06-30--23:35:20 -58 -79 23 -5
2015-06-30--23:35:21 -52 -78 23 -5
2015-06-30--23:35:21 -58 -82 23 -6
2015-06-30--23:35:21 -52 -79 23 -5
2015-06-30--23:35:22 -47 -74 23 -5
2015-06-30--23:35:23 -59 -70 23 -4
2015-06-30--23:35:23 -43 -70 23 -5
2015-06-30--23:35:24 -59 -71 23 -4
2015-06-30--23:35:25 -44 -70 23 -5
2015-06-30--23:35:25 -58 -68 23 -5
2015-06-30--23:35:25 -42 -68 23 -5
2015-06-30--23:35:26 -60 -70 23 -5
2015-06-30--23:35:26 -43 -70 23 -5
2015-06-30--23:35:27 -50 -77 23 -5
2015-06-30--23:35:33 -69 -81 23 -10
2015-06-30--23:35:33 -55 -82 23 -5
2015-06-30--23:35:38 -61 -88 23 -6
2015-06-30--23:35:48 -64 -93 23 -8
2015-06-30--23:35:53 -62 -95 23 -12
2015-06-30--23:35:53 -62 -95 23 -12
2015-06-30--23:35:56 -55 -86 23 -9
2015-06-30--23:35:56 -47 -76 23 -7
2015-06-30--23:35:57 -54 -84 23 -9
2015-06-30--23:35:57 -60 -87 23 -12
2015-06-30--23:35:57 -52 -82 23 -9
2015-06-30--23:35:58 -52 -82 23 -9
2015-06-30--23:35:58 -52 -82 23 -9
2015-06-30--23:35:58 -61 -79 23 -6
2015-06-30--23:35:58 -53 -80 23 -6
2015-06-30--23:35:59 -59 -80 23 -6
2015-06-30--23:35:59 -52 -79 23 -5
2015-06-30--23:36:00 -61 -82 23 -5
2015-06-30--23:36:00 -49 -76 23 -5
2015-06-30--23:36:00 -62 -83 23 -5
2015-06-30--23:36:00 -54 -81 23 -5
2015-06-30--23:36:01 -61 -82 23 -5
2015-06-30--23:36:01 -55 -82 23 -5
2015-06-30--23:36:02 -63 -84 23 -5
2015-06-30--23:36:02 -56 -83 23 -5
2015-06-30--23:36:03 -62 -83 23 -5
2015-06-30--23:36:05 -67 -93 23 -6
2015-06-30--23:36:06 -62 -91 23 -8
2015-06-30--23:36:06 -69 -95 23 -6
2015-06-30--23:36:09 -75 -101 23 -8
2015-06-30--23:36:10 -69 -102 23 -12
2015-06-30--23:36:12 -68 -102 23 -12
2015-06-30--23:36:12 -68 -102 23 -12
2015-06-30--23:36:14 -61 -88 23 -5
2015-06-30--23:36:15 -67 -90 23 -5
2015-06-30--23:36:15 -59 -86 23 -5
2015-06-30--23:36:17 -65 -90 23 -6
2015-06-30--23:36:17 -59 -85 23 -5
2015-06-30--23:36:18 -64 -86 23 -5
2015-06-30--23:36:19 -57 -84 23 -5
2015-06-30--23:36:20 -62 -82 23 -5
2015-06-30--23:36:20 -52 -79 23 -5
2015-06-30--23:36:21 -62 -83 23 -5
2015-06-30--23:36:23 -52 -78 23 -5
2015-06-30--23:36:24 -57 -82 23 -5
2015-06-30--23:36:24 -50 -78 23 -6
2015-06-30--23:36:25 -56 -81 23 -5
2015-06-30--23:36:26 -49 -76 23 -6
2015-06-30--23:36:26 -54 -80 23 -5
2015-06-30--23:36:30 -59 -85 23 -7
2015-06-30--23:36:32 -62 -89 23 -9
2015-06-30--23:36:32 -62 -89 23 -9
2015-06-30--23:36:35 -65 -89 23 -7
2015-06-30--23:36:41 -66 -95 23 -11
2015-06-30--23:36:41 -66 -95 23 -11
2015-06-30--23:36:41 -58 -86 23 -7
2015-06-30--23:36:41 -63 -90 23 -7
2015-06-30--23:36:42 -57 -86 23 -7
2015-06-30--23:36:45 -52 -77 23 -5
2015-06-30--23:36:45 -46 -72 23 -5
2015-06-30--23:36:48 -39 -65 23 -5
2015-06-30--23:36:50 -45 -71 23 -5
2015-06-30--23:36:50 -39 -66 23 -6
2015-06-30--23:36:50 -48 -65 23 -5
2015-06-30--23:36:51 -41 -68 23 -5
2015-06-30--23:36:52 -46 -74 23 -6
2015-06-30--23:36:52 -54 -81 23 -6
2015-06-30--23:36:54 -47 -83 23 -14
2015-06-30--23:36:55 -47 -83 23 -14
2015-06-30--23:36:55 -47 -83 23 -14
2015-06-30--23:36:55 -54 -72 23 -5
2015-06-30--23:36:55 -43 -70 23 -5
2015-06-30--23:36:56 -53 -72 23 -5
2015-06-30--23:36:56 -46 -73 23 -5
2015-06-30--23:36:56 -41 -68 23 -5
2015-06-30--23:36:58 -48 -72 23 -5
2015-06-30--23:36:58 -38 -65 23 -5
2015-06-30--23:36:59 -50 -63 23 -6
2015-06-30--23:36:59 -41 -67 23 -5
2015-06-30--23:37:00 -50 -67 23 -5
2015-06-30--23:37:00 -45 -72 23 -6
2015-06-30--23:37:00 -53 -76 23 -5
2015-06-30--23:37:01 -46 -73 23 -6
2015-06-30--23:37:01 -56 -71 23 -5
2015-06-30--23:37:01 -42 -69 23 -5
2015-06-30--23:37:01 -54 -76 23 -6
2015-06-30--23:37:02 -61 -75 23 -5
2015-06-30--23:37:02 -47 -74 23 -6
2015-06-30--23:37:03 -58 -73 23 -5
2015-06-30--23:37:03 -48 -75 23 -5
2015-06-30--23:37:03 -61 -80 23 -6
2015-06-30--23:37:03 -53 -80 23 -5
2015-06-30--23:37:04 -62 -84 23 -6
2015-06-30--23:37:05 -54 -82 23 -6
2015-06-30--23:37:06 -65 -83 23 -6
2015-06-30--23:37:07 -57 -85 23 -6
2015-06-30--23:37:07 -65 -87 23 -7
2015-06-30--23:37:07 -58 -86 23 -6
2015-06-30--23:37:08 -68 -90 23 -9
2015-06-30--23:37:08 -58 -88 23 -9
2015-06-30--23:37:08 -68 -88 23 -8
2015-06-30--23:37:09 -60 -89 23 -8
2015-06-30--23:37:10 -69 -93 23 -10
2015-06-30--23:37:10 -58 -88 23 -8
2015-06-30--23:37:10 -68 -92 23 -11
2015-06-30--23:37:11 -55 -88 23 -11
2015-06-30--23:37:13 -61 -98 23 -18
2015-06-30--23:37:13 -54 -92 23 -17
2015-06-30--23:37:13 -60 -90 23 -19
2015-06-30--23:37:14 -109 -140 23 -19
2015-06-30--23:37:15 -109 -140 23 -19
2015-06-30--23:37:15 -109 -140 23 -19
2015-06-30--23:37:15 -42 -69 23 -5
2015-06-30--23:37:16 -50 -63 23 -5
2015-06-30--23:37:16 -39 -65 23 -5
2015-06-30--23:37:17 -28 -54 23 -5
2015-06-30--23:37:17 -40 -52 23 -5
2015-06-30--23:37:18 -28 -54 23 -5
2015-06-30--23:37:18 -34 -60 23 -5
2015-06-30--23:37:18 -41 -68 23 -5
2015-06-30--23:37:18 -34 -60 23 -5
2015-06-30--23:37:18 -40 -61 23 -5
2015-06-30--23:37:19 -45 -68 23 -5
2015-06-30--23:37:19 -39 -66 23 -5
2015-06-30--23:37:19 -46 -73 23 -6
2015-06-30--23:37:19 -39 -65 23 -5
2015-06-30--23:37:20 -46 -75 23 -7
2015-06-30--23:37:21 -47 -84 23 -16
2015-06-30--23:37:21 -47 -84 23 -16
2015-06-30--23:37:22 -40 -66 23 -5
2015-06-30--23:37:22 -45 -71 23 -5
2015-06-30--23:37:23 -40 -64 23 -5
2015-06-30--23:37:25 -51 -71 23 -5
2015-06-30--23:37:26 -59 -84 23 -5
2015-06-30--23:37:26 -64 -89 23 -6
2015-06-30--23:37:27 -65 -94 23 -7
2015-06-30--23:37:27 -65 -94 23 -7
2015-06-30--23:37:29 -64 -93 23 -12
2015-06-30--23:37:29 -64 -93 23 -12
2015-06-30--23:37:29 -56 -84 23 -6
2015-06-30--23:37:29 -54 -81 23 -6
2015-06-30--23:37:29 -54 -81 23 -6
2015-06-30--23:37:29 -67 -89 23 -12
2015-06-30--23:37:32 -54 -87 23 -12
2015-06-30--23:37:35 -109 -140 23 -15
2015-06-30--23:37:35 -109 -140 23 -15
2015-06-30--23:37:35 -109 -140 23 -15
2015-06-30--23:37:35 -66 -95 23 -8
2015-06-30--23:37:37 -69 -97 23 -11
2015-06-30--23:37:37 -69 -97 23 -11
2015-06-30--23:37:38 -63 -88 23 -12
2015-06-30--23:37:38 -63 -88 23 -12
2015-06-30--23:37:38 -54 -83 23 -7
2015-06-30--23:37:39 -65 -84 23 -6
2015-06-30--23:37:39 -56 -85 23 -8
2015-06-30--23:37:39 -65 -84 23 -7
2015-06-30--23:37:39 -53 -81 23 -6
2015-06-30--23:37:39 -66 -84 23 -7
2015-06-30--23:37:40 -53 -81 23 -6
2015-06-30--23:37:40 -64 -84 23 -6
2015-06-30--23:37:41 -52 -79 23 -6
2015-06-30--23:37:41 -62 -81 23 -6
2015-06-30--23:37:41 -52 -79 23 -6
2015-06-30--23:37:42 -61 -79 23 -6
2015-06-30--23:37:42 -51 -78 23 -6
2015-06-30--23:37:42 -62 -79 23 -5
2015-06-30--23:37:42 -48 -75 23 -6
2015-06-30--23:37:43 -58 -76 23 -5
2015-06-30--23:37:44 -48 -75 23 -6
2015-06-30--23:37:44 -58 -73 23 -5
2015-06-30--23:37:45 -46 -72 23 -5
2015-06-30--23:37:46 -59 -72 23 -5
2015-06-30--23:37:46 -46 -73 23 -5
2015-06-30--23:37:48 -56 -71 23 -5
2015-06-30--23:37:49 -46 -73 23 -6
2015-06-30--23:37:49 -54 -74 23 -5
2015-06-30--23:37:49 -46 -73 23 -5
2015-06-30--23:37:50 -53 -74 23 -5
2015-06-30--23:37:50 -43 -69 23 -5
2015-06-30--23:37:51 -50 -69 23 -5
2015-06-30--23:37:51 -40 -66 23 -5
2015-06-30--23:37:52 -47 -64 23 -5
2015-06-30--23:37:53 -37 -63 23 -5
2015-06-30--23:37:53 -46 -65 23 -5
2015-06-30--23:37:54 -38 -65 23 -5
2015-06-30--23:37:54 -46 -65 23 -5
2015-06-30--23:37:55 -40 -67 23 -5
2015-06-30--23:37:56 -47 -68 23 -5
2015-06-30--23:37:56 -41 -68 23 -5
2015-06-30--23:37:57 -52 -79 23 -6
2015-06-30--23:37:57 -46 -74 23 -6
2015-06-30--23:37:57 -52 -78 23 -5
2015-06-30--23:37:58 -59 -84 23 -5
2015-06-30--23:38:00 -52 -78 23 -5
2015-06-30--23:38:01 -44 -71 23 -6
2015-06-30--23:38:01 -57 -77 23 -6
2015-06-30--23:38:01 -48 -75 23 -6
2015-06-30--23:38:02 -59 -78 23 -6
2015-06-30--23:38:02 -52 -78 23 -5
2015-06-30--23:38:03 -62 -84 23 -7
2015-06-30--23:38:05 -55 -84 23 -7
2015-06-30--23:38:05 -61 -83 23 -8
2015-06-30--23:38:07 -60 -90 23 -13
2015-06-30--23:38:07 -60 -90 23 -13
2015-06-30--23:38:07 -51 -78 23 -5
2015-06-30--23:38:08 -58 -81 23 -6
2015-06-30--23:38:08 -49 -77 23 -6
2015-06-30--23:38:08 -58 -77 23 -6
2015-06-30--23:38:09 -48 -75 23 -6
2015-06-30--23:38:09 -58 -78 23 -6
2015-06-30--23:38:09 -52 -79 23 -5
2015-06-30--23:38:10 -58 -83 23 -6
2015-06-30--23:38:11 -46 -73 23 -5
2015-06-30--23:38:15 -55 -73 23 -6
2015-06-30--23:38:15 -49 -77 23 -6
2015-06-30--23:38:21 -53 -83 23 -9
2015-06-30--23:38:21 -53 -83 23 -9
2015-06-30--23:38:23 -52 -79 23 -5
2015-06-30--23:38:23 -52 -79 23 -5
2015-06-30--23:38:25 -53 -83 23 -9
2015-06-30--23:38:26 -56 -85 23 -15
2015-06-30--23:38:26 -56 -85 23 -15
2015-06-30--23:38:27 -47 -75 23 -6
2015-06-30--23:38:28 -56 -75 23 -6
2015-06-30--23:38:28 -48 -75 23 -6
2015-06-30--23:38:29 -58 -76 23 -6
2015-06-30--23:38:29 -48 -77 23 -7
2015-06-30--23:38:29 -59 -79 23 -6
2015-06-30--23:38:31 -62 -89 23 -8
2015-06-30--23:38:31 -62 -89 23 -8
2015-06-30--23:38:31 -54 -82 23 -6
2015-06-30--23:38:34 -59 -93 23 -12
2015-06-30--23:38:35 -57 -91 23 -12
2015-06-30--23:38:35 -57 -91 23 -12
2015-06-30--23:38:37 -64 -88 23 -6
2015-06-30--23:38:47 -67 -89 23 -7
2015-06-30--23:38:50 -55 -83 23 -7
2015-06-30--23:38:50 -66 -81 23 -7
2015-06-30--23:38:50 -55 -83 23 -7
2015-06-30--23:38:51 -67 -83 23 -7
2015-06-30--23:39:01 -68 -88 23 -7
2015-06-30--23:39:10 -63 -86 23 -6
2015-06-30--23:39:20 -65 -84 23 -6
2015-06-30--23:39:23 -55 -84 23 -7
2015-06-30--23:39:23 -62 -85 23 -6
2015-06-30--23:39:27 -68 -88 23 -6
2015-06-30--23:39:30 -59 -88 23 -7
2015-06-30--23:39:30 -67 -91 23 -6
2015-06-30--23:39:33 -60 -88 23 -7
2015-06-30--23:39:34 -69 -93 23 -8
2015-06-30--23:39:39 -62 -90 23 -6
2015-06-30--23:39:40 -55 -91 23 -14
2015-06-30--23:39:41 -53 -87 23 -18
2015-06-30--23:39:41 -53 -87 23 -18
2015-06-30--23:39:41 -48 -75 23 -6
2015-06-30--23:39:42 -53 -81 23 -6
2015-06-30--23:39:42 -48 -77 23 -9
2015-06-30--23:39:43 -54 -80 23 -7
2015-06-30--23:39:44 -48 -76 23 -6
2015-06-30--23:39:44 -54 -80 23 -5
2015-06-30--23:39:45 -48 -77 23 -7
2015-06-30--23:39:46 -54 -81 23 -6
2015-06-30--23:39:46 -48 -75 23 -5
2015-06-30--23:39:47 -54 -81 23 -6
2015-06-30--23:39:48 -47 -73 23 -5
2015-06-30--23:39:53 -52 -72 23 -6
2015-06-30--23:39:53 -45 -71 23 -5
2015-06-30--23:39:54 -51 -74 23 -6
2015-06-30--23:39:54 -42 -69 23 -5
2015-06-30--23:39:54 -52 -78 23 -5
2015-06-30--23:39:57 -58 -80 23 -6
2015-06-30--23:39:59 -52 -79 23 -5
2015-06-30--23:40:01 -47 -74 23 -5
2015-06-30--23:40:02 -52 -79 23 -6
2015-06-30--23:40:03 -46 -75 23 -7
2015-06-30--23:40:04 -56 -83 23 -5
2015-06-30--23:40:05 -63 -88 23 -5
2015-06-30--23:40:05 -56 -83 23 -5
2015-06-30--23:40:07 -62 -89 23 -5
2015-06-30--23:40:07 -57 -83 23 -5
2015-06-30--23:40:08 -62 -89 23 -6
2015-06-30--23:40:09 -67 -95 23 -7
2015-06-30--23:40:11 -73 -96 23 -6
2015-06-30--23:40:21 -76 -110 23 -13
2015-06-30--23:40:28 -76 -112 23 -15
2015-06-30--23:40:28 -76 -112 23 -15
2015-06-30--23:40:31 -77 -105 23 -8
2015-06-30--23:40:32 -71 -99 23 -6
2015-06-30--23:40:32 -78 -101 23 -6
2015-06-30--23:40:32 -72 -101 23 -7
2015-06-30--23:40:33 -78 -100 23 -6
2015-06-30--23:40:33 -70 -97 23 -6
2015-06-30--23:40:34 -77 -102 23 -6
2015-06-30--23:40:34 -69 -96 23 -6
2015-06-30--23:40:35 -76 -99 23 -6
2015-06-30--23:40:35 -71 -98 23 -6
2015-06-30--23:40:37 -65 -93 23 -6
2015-06-30--23:40:37 -74 -94 23 -6
2015-06-30--23:40:38 -60 -87 23 -6
2015-06-30--23:40:38 -67 -90 23 -5
2015-06-30--23:40:39 -62 -87 23 -6
2015-06-30--23:40:39 -56 -84 23 -6
2015-06-30--23:40:41 -50 -77 23 -6
2015-06-30--23:40:41 -62 -82 23 -6
2015-06-30--23:40:42 -53 -80 23 -6
2015-06-30--23:40:42 -61 -84 23 -7
2015-06-30--23:40:42 -48 -76 23 -6
2015-06-30--23:40:43 -57 -84 23 -5
2015-06-30--23:40:43 -64 -84 23 -5
2015-06-30--23:40:44 -53 -79 23 -5
2015-06-30--23:40:44 -62 -83 23 -5
2015-06-30--23:40:45 -55 -84 23 -7
2015-06-30--23:40:46 -61 -87 23 -6
2015-06-30--23:40:46 -56 -83 23 -6
2015-06-30--23:40:53 -59 -93 23 -13
2015-06-30--23:40:53 -59 -93 23 -13
2015-06-30--23:40:55 -55 -86 23 -10
2015-06-30--23:40:55 -55 -86 23 -10
2015-06-30--23:40:55 -50 -78 23 -6
2015-06-30--23:40:56 -56 -87 23 -10
2015-06-30--23:40:57 -58 -91 23 -12
2015-06-30--23:40:57 -58 -91 23 -12
2015-06-30--23:41:00 -62 -88 23 -6
2015-06-30--23:41:02 -67 -92 23 -6
2015-06-30--23:41:05 -72 -99 23 -7
2015-06-30--23:41:08 -66 -100 23 -13
2015-06-30--23:41:08 -66 -101 23 -13
2015-06-30--23:41:08 -66 -101 23 -13
2015-06-30--23:41:10 -72 -98 23 -7
2015-06-30--23:41:17 -77 -103 23 -8
2015-06-30--23:41:17 -77 -103 23 -8
2015-06-30--23:41:17 -57 -84 23 -6
2015-06-30--23:41:21 -50 -77 23 -5
2015-06-30--23:41:22 -45 -72 23 -6
2015-06-30--23:41:22 -68 -71 23 -4
2015-06-30--23:41:23 -43 -70 23 -6
2015-06-30--23:41:23 -57 -70 23 -5
2015-06-30--23:41:23 -43 -69 23 -5
2015-06-30--23:41:23 -54 -69 23 -5
2015-06-30--23:41:24 -43 -70 23 -5
2015-06-30--23:41:25 -60 -66 23 -4
2015-06-30--23:41:25 -54 -64 23 -5
2015-06-30--23:41:25 -36 -63 23 -5
2015-06-30--23:41:27 -49 -60 23 -4
2015-06-30--23:41:27 -34 -60 23 -5
2015-06-30--23:41:28 -40 -67 23 -5
2015-06-30--23:41:30 -46 -74 23 -6
2015-06-30--23:41:34 -47 -86 23 -18
2015-06-30--23:41:34 -47 -86 23 -18
2015-06-30--23:41:37 -38 -65 23 -5
2015-06-30--23:41:37 -44 -66 23 -5
2015-06-30--23:41:38 -39 -65 23 -5
2015-06-30--23:41:38 -49 -67 23 -5
2015-06-30--23:41:39 -42 -69 23 -6
2015-06-30--23:41:39 -51 -74 23 -5
2015-06-30--23:41:40 -57 -81 23 -5
2015-06-30--23:41:41 -49 -75 23 -5
2015-06-30--23:41:41 -54 -81 23 -5
2015-06-30--23:41:41 -63 -81 23 -5
2015-06-30--23:41:41 -51 -78 23 -5
2015-06-30--23:41:41 -63 -79 23 -6
2015-06-30--23:41:42 -54 -81 23 -6
2015-06-30--23:41:42 -68 -87 23 -5
2015-06-30--23:41:42 -53 -82 23 -7
2015-06-30--23:41:42 -64 -82 23 -5
2015-06-30--23:41:43 -54 -81 23 -5
2015-06-30--23:41:44 -71 -89 23 -6
2015-06-30--23:41:44 -62 -89 23 -6
2015-06-30--23:41:44 -70 -88 23 -6
2015-06-30--23:41:45 -59 -86 23 -5
2015-06-30--23:41:46 -66 -93 23 -6
2015-06-30--23:41:46 -75 -95 23 -6
2015-06-30--23:41:46 -67 -95 23 -6
2015-06-30--23:41:47 -74 -98 23 -6
2015-06-30--23:41:48 -63 -90 23 -5
2015-06-30--23:41:48 -74 -92 23 -5
2015-06-30--23:41:49 -65 -92 23 -6
2015-06-30--23:41:49 -73 -93 23 -6
2015-06-30--23:41:49 -66 -94 23 -6
2015-06-30--23:41:50 -74 -94 23 -6
2015-06-30--23:41:50 -65 -93 23 -6
2015-06-30--23:41:53 -64 -91 23 -6
2015-06-30--23:41:53 -64 -91 23 -6
2015-06-30--23:41:53 -53 -76 23 -5
2015-06-30--23:41:53 -46 -73 23 -5
2015-06-30--23:41:54 -41 -68 23 -6
2015-06-30--23:41:54 -50 -77 23 -6
2015-06-30--23:41:55 -44 -71 23 -6
2015-06-30--23:41:55 -52 -70 23 -7
2015-06-30--23:41:56 -44 -72 23 -6
2015-06-30--23:41:57 -54 -74 23 -6
2015-06-30--23:41:58 -60 -86 23 -7
2015-06-30--23:41:59 -58 -92 23 -12
2015-06-30--23:41:59 -58 -92 23 -12
2015-06-30--23:41:59 -51 -78 23 -5
2015-06-30--23:42:03 -45 -72 23 -5
2015-06-30--23:42:04 -39 -66 23 -5
2015-06-30--23:42:04 -47 -73 23 -5
2015-06-30--23:42:05 -42 -69 23 -7
2015-06-30--23:42:08 -49 -74 23 -5
2015-06-30--23:42:08 -57 -84 23 -6
2015-06-30--23:42:10 -62 -88 23 -5
2015-06-30--23:42:11 -67 -88 23 -7
2015-06-30--23:42:11 -60 -88 23 -7
2015-06-30--23:42:11 -69 -88 23 -7
2015-06-30--23:42:12 -63 -93 23 -8
2015-06-30--23:42:13 -71 -95 23 -8
2015-06-30--23:42:13 -64 -93 23 -8
2015-06-30--23:42:14 -69 -96 23 -10
2015-06-30--23:42:14 -64 -94 23 -9
2015-06-30--23:42:16 -65 -98 23 -12
2015-06-30--23:42:16 -65 -98 23 -12
2015-06-30--23:42:16 -55 -81 23 -5
2015-06-30--23:42:16 -60 -83 23 -6
2015-06-30--23:42:17 -66 -92 23 -5
2015-06-30--23:42:18 -72 -95 23 -5
2015-06-30--23:42:19 -65 -92 23 -5
2015-06-30--23:42:21 -52 -79 23 -5
2015-06-30--23:42:22 -47 -73 23 -5
2015-06-30--23:42:22 -55 -77 23 -5
2015-06-30--23:42:24 -65 -84 23 -5
2015-06-30--23:42:24 -57 -83 23 -5
2015-06-30--23:42:24 -64 -86 23 -5
2015-06-30--23:42:24 -55 -82 23 -5
2015-06-30--23:42:25 -62 -86 23 -5
2015-06-30--23:42:25 -56 -82 23 -5
2015-06-30--23:42:27 -50 -78 23 -6
2015-06-30--23:42:27 -45 -72 23 -6
2015-06-30--23:42:28 -52 -79 23 -5
2015-06-30--23:42:28 -59 -85 23 -6
2015-06-30--23:42:29 -64 -90 23 -5
2015-06-30--23:42:31 -70 -93 23 -6
2015-06-30--23:42:33 -64 -93 23 -7
2015-06-30--23:42:33 -70 -95 23 -5
2015-06-30--23:42:43 -74 -99 23 -7
2015-06-30--23:42:46 -64 -91 23 -6
2015-06-30--23:42:47 -70 -97 23 -6
2015-06-30--23:42:47 -75 -102 23 -6
2015-06-30--23:42:48 -76 -104 23 -7
2015-06-30--23:42:48 -76 -104 23 -7
2015-06-30--23:42:48 -57 -84 23 -6
2015-06-30--23:42:49 -65 -88 23 -8
2015-06-30--23:42:50 -58 -87 23 -7
2015-06-30--23:42:50 -68 -86 23 -8
2015-06-30--23:42:51 -58 -86 23 -7
2015-06-30--23:42:58 -55 -89 23 -12
2015-06-30--23:42:58 -55 -89 23 -12
2015-06-30--23:43:01 -61 -95 23 -13
2015-06-30--23:43:01 -60 -94 23 -12
2015-06-30--23:43:05 -55 -82 23 -6
2015-06-30--23:43:07 -61 -89 23 -7
2015-06-30--23:43:09 -55 -83 23 -6
2015-06-30--23:43:11 -50 -77 23 -5
2015-06-30--23:43:15 -56 -80 23 -5
2015-06-30--23:43:16 -49 -79 23 -9
2015-06-30--23:43:17 -55 -81 23 -6
2015-06-30--23:43:25 -109 -140 23 -16
2015-06-30--23:43:25 -109 -140 23 -16
2015-06-30--23:43:25 -109 -140 23 -16
2015-06-30--23:43:25 -50 -83 23 -11
2015-06-30--23:43:27 -57 -89 23 -14
2015-06-30--23:43:28 -52 -87 23 -13
2015-06-30--23:43:29 -57 -88 23 -10
2015-06-30--23:43:35 -51 -81 23 -8
2015-06-30--23:43:35 -57 -88 23 -12
2015-06-30--23:43:36 -49 -84 23 -14
2015-06-30--23:43:36 -56 -87 23 -14
2015-06-30--23:43:37 -56 -89 23 -14
2015-06-30--23:43:37 -56 -89 23 -14
2015-06-30--23:43:37 -45 -72 23 -6
2015-06-30--23:43:43 -52 -79 23 -6
2015-06-30--23:43:43 -47 -74 23 -5
2015-06-30--23:43:46 -56 -78 23 -8
2015-06-30--23:43:47 -51 -82 23 -10
2015-06-30--23:43:47 -57 -88 23 -10
2015-06-30--23:43:48 -59 -86 23 -9
2015-06-30--23:43:48 -59 -86 23 -9
2015-06-30--23:43:51 -50 -80 23 -9
2015-06-30--23:43:52 -56 -80 23 -9
2015-06-30--23:43:53 -51 -78 23 -6
2015-06-30--23:43:54 -56 -82 23 -6
2015-06-30--23:43:55 -49 -81 23 -10
2015-06-30--23:43:56 -55 -82 23 -6
2015-06-30--23:43:58 -49 -77 23 -6
2015-06-30--23:43:59 -54 -82 23 -6
2015-06-30--23:44:02 -49 -77 23 -7
2015-06-30--23:44:08 -42 -69 23 -6
2015-06-30--23:44:09 -48 -74 23 -6
2015-06-30--23:44:09 -53 -75 23 -6
2015-06-30--23:44:10 -48 -70 23 -5
2015-06-30--23:44:11 -53 -77 23 -6
2015-06-30--23:44:12 -61 -88 23 -6
2015-06-30--23:44:14 -52 -86 23 -13
2015-06-30--23:44:15 -58 -89 23 -10
2015-06-30--23:44:16 -49 -79 23 -9
2015-06-30--23:44:17 -57 -84 23 -6
2015-06-30--23:44:17 -48 -79 23 -10
2015-06-30--23:44:17 -57 -82 23 -8
2015-06-30--23:44:18 -51 -78 23 -5
2015-06-30--23:44:19 -59 -84 23 -6
2015-06-30--23:44:19 -48 -77 23 -7
2015-06-30--23:44:20 -53 -81 23 -7
2015-06-30--23:44:21 -63 -89 23 -8
2015-06-30--23:44:21 -56 -83 23 -6
2015-06-30--23:44:22 -51 -80 23 -8
2015-06-30--23:44:23 -56 -78 23 -6
2015-06-30--23:44:25 -50 -78 23 -10
2015-06-30--23:44:28 -56 -85 23 -8
2015-06-30--23:44:29 -49 -85 23 -14
2015-06-30--23:44:29 -49 -85 23 -14
2015-06-30--23:44:29 -49 -85 23 -14
2015-06-30--23:44:32 -44 -73 23 -7
2015-06-30--23:44:32 -50 -76 23 -7
2015-06-30--23:44:37 -42 -72 23 -9
2015-06-30--23:44:38 -50 -75 23 -7
2015-06-30--23:44:39 -55 -81 23 -6
2015-06-30--23:44:39 -43 -73 23 -8
2015-06-30--23:44:40 -49 -76 23 -6
2015-06-30--23:44:40 -55 -81 23 -7
2015-06-30--23:44:44 -46 -75 23 -8
2015-06-30--23:44:45 -54 -78 23 -8
2015-06-30--23:44:45 -47 -75 23 -7
2015-06-30--23:44:46 -52 -79 23 -5
2015-06-30--23:44:48 -58 -87 23 -8
2015-06-30--23:44:49 -53 -80 23 -6
2015-06-30--23:44:52 -58 -90 23 -11
2015-06-30--23:44:52 -58 -90 23 -11
2015-06-30--23:44:53 -56 -89 23 -12
2015-06-30--23:44:53 -56 -89 23 -12
2015-06-30--23:44:54 -59 -87 23 -7
2015-06-30--23:44:55 -55 -82 23 -6
2015-06-30--23:44:55 -55 -82 23 -6
2015-06-30--23:44:56 -54 -84 23 -9
2015-06-30--23:44:56 -54 -84 23 -9
2015-06-30--23:44:56 -59 -97 23 -16
2015-06-30--23:44:56 -59 -97 23 -16
2015-06-30--23:44:56 -67 -92 23 -8
2015-06-30--23:44:58 -69 -102 23 -15
2015-06-30--23:44:58 -69 -102 23 -15
2015-06-30--23:45:01 -62 -89 23 -6
2015-06-30--23:45:02 -67 -95 23 -6
2015-06-30--23:45:03 -73 -98 23 -6
2015-06-30--23:45:04 -68 -97 23 -8
2015-06-30--23:45:06 -61 -88 23 -5
2015-06-30--23:45:07 -56 -83 23 -5
2015-06-30--23:45:10 -61 -87 23 -5
2015-06-30--23:45:11 -66 -92 23 -6
2015-06-30--23:45:11 -61 -88 23 -6
2015-06-30--23:45:13 -55 -83 23 -7
2015-06-30--23:45:14 -61 -84 23 -6
2015-06-30--23:45:15 -67 -91 23 -6
2015-06-30--23:45:16 -72 -99 23 -6
2015-06-30--23:45:18 -63 -95 23 -11
2015-06-30--23:45:19 -70 -97 23 -5
2015-06-30--23:45:20 -65 -92 23 -6
2015-06-30--23:45:20 -71 -98 23 -6
2015-06-30--23:45:25 -76 -104 23 -6
2015-06-30--23:45:26 -77 -107 23 -8
2015-06-30--23:45:26 -77 -107 23 -8
2015-06-30--23:45:26 -54 -81 23 -6
2015-06-30--23:45:27 -59 -85 23 -6
2015-06-30--23:45:28 -54 -81 23 -10
2015-06-30--23:45:30 -46 -73 23 -5
2015-06-30--23:45:33 -37 -67 23 -8
2015-06-30--23:45:33 -45 -71 23 -6
2015-06-30--23:45:35 -39 -66 23 -5
2015-06-30--23:45:37 -46 -68 23 -5
2015-06-30--23:45:37 -40 -67 23 -5
2015-06-30--23:45:37 -46 -67 23 -5
2015-06-30--23:45:38 -41 -68 23 -6
2015-06-30--23:45:40 -47 -73 23 -5
2015-06-30--23:45:42 -53 -79 23 -5
2015-06-30--23:45:43 -58 -85 23 -5
2015-06-30--23:45:46 -51 -78 23 -5
2015-06-30--23:45:46 -59 -86 23 -5
2015-06-30--23:45:47 -50 -78 23 -7
2015-06-30--23:45:47 -57 -84 23 -6
2015-06-30--23:45:49 -62 -90 23 -7
2015-06-30--23:45:49 -54 -81 23 -6
2015-06-30--23:45:50 -60 -88 23 -7
2015-06-30--23:45:52 -60 -94 23 -13
2015-06-30--23:45:52 -60 -94 23 -13
2015-06-30--23:45:55 -49 -81 23 -12
2015-06-30--23:45:55 -56 -83 23 -6
2015-06-30--23:45:56 -51 -77 23 -5
2015-06-30--23:45:57 -44 -76 23 -11
2015-06-30--23:45:57 -56 -81 23 -6
2015-06-30--23:45:57 -46 -77 23 -9
2015-06-30--23:45:57 -53 -75 23 -6
2015-06-30--23:45:58 -41 -74 23 -12
2015-06-30--23:45:58 -35 -67 23 -11
2015-06-30--23:45:58 -47 -80 23 -12
2015-06-30--23:45:58 -41 -73 23 -10
2015-06-30--23:45:59 -50 -77 23 -5
2015-06-30--23:46:00 -57 -86 23 -9
2015-06-30--23:46:02 -64 -90 23 -5
2015-06-30--23:46:04 -69 -96 23 -6
2015-06-30--23:46:06 -75 -103 23 -7
2015-06-30--23:46:08 -76 -104 23 -7
2015-06-30--23:46:08 -76 -104 23 -7
2015-06-30--23:46:08 -67 -90 23 -6
2015-06-30--23:46:08 -59 -86 23 -6
2015-06-30--23:46:09 -69 -92 23 -6
2015-06-30--23:46:10 -61 -89 23 -6
2015-06-30--23:46:10 -68 -91 23 -6
2015-06-30--23:46:10 -61 -89 23 -6
2015-06-30--23:46:11 -67 -91 23 -6
2015-06-30--23:46:12 -61 -89 23 -6
2015-06-30--23:46:14 -53 -81 23 -6
2015-06-30--23:46:14 -59 -83 23 -6
2015-06-30--23:46:15 -51 -77 23 -5
2015-06-30--23:46:17 -45 -71 23 -5
2015-06-30--23:46:22 -51 -75 23 -5
2015-06-30--23:46:22 -45 -72 23 -5
2015-06-30--23:46:23 -52 -79 23 -6
2015-06-30--23:46:24 -46 -73 23 -6
2015-06-30--23:46:25 -52 -81 23 -7
2015-06-30--23:46:26 -49 -82 23 -11
2015-06-30--23:46:26 -49 -82 23 -11
2015-06-30--23:46:27 -47 -74 23 -5
2015-06-30--23:46:30 -52 -79 23 -5
2015-06-30--23:46:31 -46 -73 23 -5
2015-06-30--23:46:33 -53 -71 23 -6
2015-06-30--23:46:33 -46 -72 23 -5
2015-06-30--23:46:35 -51 -75 23 -6
2015-06-30--23:46:36 -57 -80 23 -5
2015-06-30--23:46:37 -51 -77 23 -5
2015-06-30--23:46:39 -56 -79 23 -5
2015-06-30--23:46:41 -62 -89 23 -6
2015-06-30--23:46:45 -68 -96 23 -7
2015-06-30--23:46:50 -75 -104 23 -8
2015-06-30--23:46:53 -78 -106 23 -7
2015-06-30--23:46:53 -78 -106 23 -7
2015-06-30--23:46:56 -66 -95 23 -8
2015-06-30--23:46:56 -71 -98 23 -6
2015-06-30--23:46:57 -66 -94 23 -7
2015-06-30--23:47:01 -58 -89 23 -9
2015-06-30--23:47:05 -51 -79 23 -6
2015-06-30--23:47:05 -59 -84 23 -6
2015-06-30--23:47:05 -49 -79 23 -8
2015-06-30--23:47:07 -56 -84 23 -7
2015-06-30--23:47:09 -61 -90 23 -7
2015-06-30--23:47:12 -61 -92 23 -13
2015-06-30--23:47:12 -61 -92 23 -13
2015-06-30--23:47:13 -49 -75 23 -5
2015-06-30--23:47:14 -54 -81 23 -5
2015-06-30--23:47:14 -43 -70 23 -5
2015-06-30--23:47:14 -49 -75 23 -5
2015-06-30--23:47:16 -54 -82 23 -7
2015-06-30--23:47:17 -60 -85 23 -6
2015-06-30--23:47:19 -54 -81 23 -5
2015-06-30--23:47:21 -47 -74 23 -5
2015-06-30--23:47:21 -53 -79 23 -5
2015-06-30--23:47:21 -58 -84 23 -6
2015-06-30--23:47:22 -52 -79 23 -5
2015-06-30--23:47:23 -58 -85 23 -5
2015-06-30--23:47:24 -63 -91 23 -6
2015-06-30--23:47:26 -69 -97 23 -6
2015-06-30--23:47:28 -74 -103 23 -7
2015-06-30--23:47:32 -81 -113 23 -11
2015-06-30--23:47:34 -81 -116 23 -14
2015-06-30--23:47:34 -81 -116 23 -14
2015-06-30--23:47:42 -78 -107 23 -8
2015-06-30--23:47:44 -72 -100 23 -6
2015-06-30--23:47:46 -65 -94 23 -7
2015-06-30--23:47:47 -71 -95 23 -6
2015-06-30--23:47:50 -63 -87 23 -6
2015-06-30--23:47:51 -54 -85 23 -13
2015-06-30--23:47:52 -60 -86 23 -5
2015-06-30--23:47:53 -54 -81 23 -6
2015-06-30--23:47:54 -61 -84 23 -5
2015-06-30--23:47:54 -53 -80 23 -6
2015-06-30--23:47:55 -48 -75 23 -6
2015-06-30--23:47:55 -55 -76 23 -5
2015-06-30--23:47:55 -46 -72 23 -5
2015-06-30--23:47:55 -51 -77 23 -5
2015-06-30--23:47:56 -45 -72 23 -5
2015-06-30--23:47:56 -57 -72 23 -5
2015-06-30--23:47:56 -50 -76 23 -5
2015-06-30--23:47:57 -55 -82 23 -5
2015-06-30--23:47:57 -48 -75 23 -6
2015-06-30--23:47:59 -55 -74 23 -5
2015-06-30--23:48:00 -48 -75 23 -6
2015-06-30--23:48:00 -55 -73 23 -5
2015-06-30--23:48:02 -50 -76 23 -5
2015-06-30--23:48:02 -56 -79 23 -5
2015-06-30--23:48:03 -51 -78 23 -5
2015-06-30--23:48:04 -56 -82 23 -5
2015-06-30--23:48:05 -50 -77 23 -6
2015-06-30--23:48:06 -57 -81 23 -5
2015-06-30--23:48:08 -51 -77 23 -5
2015-06-30--23:48:08 -57 -79 23 -5
2015-06-30--23:48:11 -51 -79 23 -6
2015-06-30--23:48:14 -60 -86 23 -6
2015-06-30--23:48:14 -52 -79 23 -6
2015-06-30--23:48:15 -59 -87 23 -8
2015-06-30--23:48:15 -51 -79 23 -6
2015-06-30--23:48:17 -58 -86 23 -7
2015-06-30--23:48:19 -51 -78 23 -6
2015-06-30--23:48:21 -57 -83 23 -7
2015-06-30--23:48:23 -63 -89 23 -9
2015-06-30--23:48:26 -57 -90 23 -12
2015-06-30--23:48:26 -63 -93 23 -8
2015-06-30--23:48:30 -66 -92 23 -7
2015-06-30--23:48:30 -66 -92 23 -7
2015-06-30--23:48:30 -56 -88 23 -11
2015-06-30--23:48:32 -59 -91 23 -11
2015-06-30--23:48:32 -59 -91 23 -11
2015-06-30--23:48:32 -61 -89 23 -6
2015-06-30--23:48:42 -62 -88 23 -5
2015-06-30--23:48:52 -61 -89 23 -7
2015-06-30--23:49:02 -61 -89 23 -6
2015-06-30--23:49:07 -65 -93 23 -9
2015-06-30--23:49:08 -67 -91 23 -8
2015-06-30--23:49:08 -67 -91 23 -8
2015-06-30--23:49:08 -55 -88 23 -11
2015-06-30--23:49:09 -61 -90 23 -8
2015-06-30--23:49:12 -67 -96 23 -8
2015-06-30--23:49:13 -62 -95 23 -12
2015-06-30--23:49:14 -67 -98 23 -10
2015-06-30--23:49:20 -60 -90 23 -9
2015-06-30--23:49:21 -65 -93 23 -7
2015-06-30--23:49:23 -70 -99 23 -7
2015-06-30--23:49:24 -64 -92 23 -7
2015-06-30--23:49:30 -58 -90 23 -11
2015-06-30--23:49:30 -64 -91 23 -6
2015-06-30--23:49:34 -58 -85 23 -6
2015-06-30--23:49:38 -64 -90 23 -6
2015-06-30--23:49:44 -58 -85 23 -6
2015-06-30--23:49:50 -51 -81 23 -9
2015-06-30--23:49:51 -46 -77 23 -10
2015-06-30--23:49:51 -52 -78 23 -11
2015-06-30--23:49:52 -45 -79 23 -13
2015-06-30--23:49:52 -45 -79 23 -13
2015-06-30--23:49:52 -45 -79 23 -13
2015-06-30--23:49:52 -51 -77 23 -6
2015-06-30--23:49:53 -46 -73 23 -5
2015-06-30--23:49:57 -52 -79 23 -5
2015-06-30--23:49:58 -58 -80 23 -6
2015-06-30--23:50:02 -56 -88 23 -11
2015-06-30--23:50:02 -56 -88 23 -11
2015-06-30--23:50:03 -50 -78 23 -7
2015-06-30--23:50:06 -42 -72 23 -9
2015-06-30--23:50:08 -47 -74 23 -6
2015-06-30--23:50:09 -53 -74 23 -5
2015-06-30--23:50:10 -47 -74 23 -5
2015-06-30--23:50:13 -53 -80 23 -6
2015-06-30--23:50:16 -57 -90 23 -12
2015-06-30--23:50:16 -57 -90 23 -12
2015-06-30--23:50:17 -46 -72 23 -5
2015-06-30--23:50:18 -51 -74 23 -5
2015-06-30--23:50:19 -59 -82 23 -5
2015-06-30--23:50:20 -49 -76 23 -5
2015-06-30--23:50:21 -44 -70 23 -5
2015-06-30--23:50:21 -51 -76 23 -5
2015-06-30--23:50:22 -57 -79 23 -5
2015-06-30--23:50:23 -51 -75 23 -5
2015-06-30--23:50:25 -43 -70 23 -5
2015-06-30--23:50:28 -48 -75 23 -5
2015-06-30--23:50:29 -53 -80 23 -5
2015-06-30--23:50:32 -47 -75 23 -6
2015-06-30--23:50:33 -53 -80 23 -6
2015-06-30--23:50:34 -58 -83 23 -6
2015-06-30--23:50:36 -66 -90 23 -10
2015-06-30--23:50:37 -58 -89 23 -10
2015-06-30--23:50:37 -52 -81 23 -7
2015-06-30--23:50:38 -63 -85 23 -8
2015-06-30--23:50:41 -109 -140 23 -18
2015-06-30--23:50:41 -109 -140 23 -18
2015-06-30--23:50:41 -109 -140 23 -18
2015-06-30--23:50:41 -62 -98 23 -14
2015-06-30--23:50:42 -109 -140 23 -18
2015-06-30--23:50:42 -109 -140 23 -18
2015-06-30--23:50:42 -109 -140 23 -18
2015-06-30--23:50:42 -62 -93 23 -10
2015-06-30--23:50:42 -62 -94 23 -11
2015-06-30--23:50:42 -62 -94 23 -11
2015-06-30--23:50:43 -63 -93 23 -9
2015-06-30--23:50:43 -63 -93 23 -9
2015-06-30--23:50:45 -63 -98 23 -14
2015-06-30--23:50:45 -63 -98 23 -14
2015-06-30--23:50:46 -63 -91 23 -7
2015-06-30--23:50:46 -63 -91 23 -7
2015-06-30--23:50:46 -60 -99 23 -17
2015-06-30--23:50:46 -60 -99 23 -17
2015-06-30--23:50:47 -56 -83 23 -5
2015-06-30--23:50:47 -50 -76 23 -5
2015-06-30--23:50:48 -44 -70 23 -5
2015-06-30--23:50:49 -50 -77 23 -5
2015-06-30--23:50:50 -45 -71 23 -5
2015-06-30--23:50:50 -50 -78 23 -6
2015-06-30--23:50:51 -56 -85 23 -9
2015-06-30--23:50:51 -55 -87 23 -10
2015-06-30--23:50:51 -55 -87 23 -10
2015-06-30--23:50:52 -53 -91 23 -16
2015-06-30--23:50:52 -53 -91 23 -16
2015-06-30--23:50:52 -50 -76 23 -5
2015-06-30--23:50:53 -44 -70 23 -5
2015-06-30--23:50:53 -38 -65 23 -5
2015-06-30--23:50:54 -45 -68 23 -5
2015-06-30--23:50:55 -53 -79 23 -5
2015-06-30--23:50:57 -61 -88 23 -6
2015-06-30--23:50:59 -66 -96 23 -9
2015-06-30--23:51:00 -64 -94 23 -8
2015-06-30--23:51:00 -64 -94 23 -8
2015-06-30--23:51:01 -61 -89 23 -7
2015-06-30--23:51:05 -55 -82 23 -5
2015-06-30--23:51:06 -49 -76 23 -5
2015-06-30--23:51:06 -44 -71 23 -5
2015-06-30--23:51:07 -52 -74 23 -6
2015-06-30--23:51:07 -39 -66 23 -6
2015-06-30--23:51:09 -45 -72 23 -5
2015-06-30--23:51:10 -52 -80 23 -6
2015-06-30--23:51:11 -43 -70 23 -6
2015-06-30--23:51:12 -50 -77 23 -6
2015-06-30--23:51:14 -109 -140 23 -19
2015-06-30--23:51:14 -47 -97 23 -19
2015-06-30--23:51:14 -109 -140 23 -19
2015-06-30--23:51:15 -40 -140 23 -19
2015-06-30--23:51:15 -109 -140 23 -19
2015-06-30--23:51:16 -109 -140 23 -19
2015-06-30--23:51:16 -109 -140 23 -19
2015-06-30--23:51:16 -44 -67 23 -5
2015-06-30--23:51:17 -50 -77 23 -5
2015-06-30--23:51:18 -60 -86 23 -6
2015-06-30--23:51:21 -66 -98 23 -10
2015-06-30--23:51:22 -64 -97 23 -12
2015-06-30--23:51:22 -64 -97 23 -12
2015-06-30--23:51:24 -58 -85 23 -5
2015-06-30--23:51:26 -52 -80 23 -6
2015-06-30--23:51:27 -57 -85 23 -10
2015-06-30--23:51:28 -55 -85 23 -9
2015-06-30--23:51:28 -55 -85 23 -9
2015-06-30--23:51:28 -50 -76 23 -5
2015-06-30--23:51:29 -55 -81 23 -5
2015-06-30--23:51:29 -50 -76 23 -5
2015-06-30--23:51:31 -58 -83 23 -5
2015-06-30--23:51:34 -50 -76 23 -5
2015-06-30--23:51:34 -56 -79 23 -5
2015-06-30--23:51:36 -61 -87 23 -5
2015-06-30--23:51:38 -68 -95 23 -5
2015-06-30--23:51:42 -70 -105 23 -14
2015-06-30--23:51:42 -70 -105 23 -14
2015-06-30--23:51:44 -63 -89 23 -5
2015-06-30--23:51:46 -53 -79 23 -5
2015-06-30--23:51:48 -47 -74 23 -5
2015-06-30--23:51:49 -55 -78 23 -5
2015-06-30--23:51:49 -49 -76 23 -5
2015-06-30--23:51:49 -55 -82 23 -6
2015-06-30--23:51:50 -46 -74 23 -8
2015-06-30--23:51:50 -53 -84 23 -9
2015-06-30--23:51:51 -59 -89 23 -8
2015-06-30--23:51:52 -59 -92 23 -11
2015-06-30--23:51:52 -59 -92 23 -11
2015-06-30--23:51:55 -65 -93 23 -6
2015-06-30--23:51:57 -70 -100 23 -8
2015-06-30--23:51:59 -74 -104 23 -11
2015-06-30--23:51:59 -74 -104 23 -11
2015-06-30--23:52:03 -65 -92 23 -5
2015-06-30--23:52:05 -58 -85 23 -5
2015-06-30--23:52:10 -53 -80 23 -5
2015-06-30--23:52:12 -47 -74 23 -5
2015-06-30--23:52:14 -41 -68 23 -5
2015-06-30--23:52:15 -52 -71 23 -5
2015-06-30--23:52:15 -46 -73 23 -5
2015-06-30--23:52:16 -53 -76 23 -5
2015-06-30--23:52:17 -48 -74 23 -5
2015-06-30--23:52:18 -53 -77 23 -5
2015-06-30--23:52:18 -48 -74 23 -5
2015-06-30--23:52:19 -54 -82 23 -6
2015-06-30--23:52:19 -49 -75 23 -5
2015-06-30--23:52:21 -56 -85 23 -8
2015-06-30--23:52:22 -57 -94 23 -18
2015-06-30--23:52:22 -57 -94 23 -18
2015-06-30--23:52:22 -49 -76 23 -5
2015-06-30--23:52:24 -39 -66 23 -5
2015-06-30--23:52:24 -48 -74 23 -5
2015-06-30--23:52:26 -55 -75 23 -6
2015-06-30--23:52:26 -48 -74 23 -5
2015-06-30--23:52:28 -58 -83 23 -6
2015-06-30--23:52:32 -60 -93 23 -12
2015-06-30--23:52:32 -60 -93 23 -12
2015-06-30--23:52:35 -52 -78 23 -5
2015-06-30--23:52:37 -57 -82 23 -5
2015-06-30--23:52:37 -50 -77 23 -5
2015-06-30--23:52:38 -56 -77 23 -5
2015-06-30--23:52:42 -62 -88 23 -6
2015-06-30--23:52:45 -67 -96 23 -8
2015-06-30--23:52:48 -69 -102 23 -12
2015-06-30--23:52:48 -69 -102 23 -12
2015-06-30--23:52:53 -66 -97 23 -11
2015-06-30--23:52:53 -66 -97 23 -11
2015-06-30--23:52:54 -61 -89 23 -6
2015-06-30--23:53:00 -62 -95 23 -12
2015-06-30--23:53:00 -62 -95 23 -12
2015-06-30--23:53:04 -61 -87 23 -5
2015-06-30--23:53:07 -66 -93 23 -6
2015-06-30--23:53:10 -72 -100 23 -7
2015-06-30--23:53:13 -70 -103 23 -12
2015-06-30--23:53:13 -70 -103 23 -12
2015-06-30--23:53:15 -66 -93 23 -6
2015-06-30--23:53:18 -60 -87 23 -5
2015-06-30--23:53:18 -65 -91 23 -5
2015-06-30--23:53:19 -60 -86 23 -5
2015-06-30--23:53:24 -65 -92 23 -5
2015-06-30--23:53:32 -60 -94 23 -13
2015-06-30--23:53:33 -60 -94 23 -12
2015-06-30--23:53:33 -60 -94 23 -12
2015-06-30--23:53:34 -53 -80 23 -6
2015-06-30--23:53:38 -56 -87 23 -10
2015-06-30--23:53:38 -56 -87 23 -10
2015-06-30--23:53:40 -58 -84 23 -5
2015-06-30--23:53:42 -64 -91 23 -6
2015-06-30--23:53:45 -69 -99 23 -9
2015-06-30--23:53:47 -67 -99 23 -11
2015-06-30--23:53:47 -67 -99 23 -11
2015-06-30--23:53:49 -64 -92 23 -6
2015-06-30--23:53:51 -59 -87 23 -6
2015-06-30--23:53:51 -64 -88 23 -6
2015-06-30--23:53:52 -59 -84 23 -5
2015-06-30--23:53:54 -51 -78 23 -5
2015-06-30--23:53:54 -44 -72 23 -7
2015-06-30--23:53:56 -52 -73 23 -6
2015-06-30--23:53:56 -43 -71 23 -7
2015-06-30--23:53:57 -51 -73 23 -7
2015-06-30--23:53:57 -43 -72 23 -7
2015-06-30--23:53:58 -53 -78 23 -9
2015-06-30--23:53:58 -60 -86 23 -10
2015-06-30--23:53:59 -54 -86 23 -10
2015-06-30--23:54:00 -54 -86 23 -10
2015-06-30--23:54:00 -54 -86 23 -10
2015-06-30--23:54:05 -49 -76 23 -5
2015-06-30--23:54:05 -55 -80 23 -5
2015-06-30--23:54:05 -48 -74 23 -5
2015-06-30--23:54:06 -58 -85 23 -5
2015-06-30--23:54:07 -52 -78 23 -5
2015-06-30--23:54:08 -60 -86 23 -5
2015-06-30--23:54:08 -66 -92 23 -5
2015-06-30--23:54:13 -71 -103 23 -10
2015-06-30--23:54:14 -71 -108 23 -15
2015-06-30--23:54:14 -71 -108 23 -15
2015-06-30--23:54:16 -66 -93 23 -6
2015-06-30--23:54:17 -58 -86 23 -6
2015-06-30--23:54:18 -66 -85 23 -6
2015-06-30--23:54:19 -57 -83 23 -5
2015-06-30--23:54:22 -62 -89 23 -7
2015-06-30--23:54:25 -63 -98 23 -13
2015-06-30--23:54:25 -63 -98 23 -13
2015-06-30--23:54:25 -57 -84 23 -6
2015-06-30--23:54:30 -62 -92 23 -8
2015-06-30--23:54:36 -61 -95 23 -13
2015-06-30--23:54:36 -61 -95 23 -13
2015-06-30--23:54:40 -59 -91 23 -11
2015-06-30--23:54:42 -65 -92 23 -7
2015-06-30--23:54:44 -65 -94 23 -7
2015-06-30--23:54:44 -65 -94 23 -7
2015-06-30--23:54:45 -57 -83 23 -5
2015-06-30--23:54:45 -66 -89 23 -5
2015-06-30--23:54:46 -61 -85 23 -5
2015-06-30--23:54:46 -52 -79 23 -5
2015-06-30--23:54:49 -47 -73 23 -5
2015-06-30--23:54:49 -53 -73 23 -5
2015-06-30--23:54:50 -48 -74 23 -5
2015-06-30--23:54:50 -53 -74 23 -5
2015-06-30--23:54:51 -64 -83 23 -5
2015-06-30--23:54:52 -57 -82 23 -5
2015-06-30--23:54:54 -64 -90 23 -6
2015-06-30--23:54:55 -59 -86 23 -6
2015-06-30--23:54:57 -60 -95 23 -14
2015-06-30--23:54:57 -60 -95 23 -14
2015-06-30--23:54:58 -65 -91 23 -5
2015-06-30--23:54:58 -58 -85 23 -5
2015-06-30--23:54:59 -64 -88 23 -5
2015-06-30--23:55:00 -57 -84 23 -5
2015-06-30--23:55:00 -52 -78 23 -5
2015-06-30--23:55:03 -57 -83 23 -5
2015-06-30--23:55:03 -64 -82 23 -5
2015-06-30--23:55:04 -56 -79 23 -6
2015-06-30--23:55:06 -62 -83 23 -5
2015-06-30--23:55:06 -55 -81 23 -5
2015-06-30--23:55:07 -61 -87 23 -5
2015-06-30--23:55:08 -66 -93 23 -5
2015-06-30--23:55:14 -70 -96 23 -5
2015-06-30--23:55:14 -70 -96 23 -5
2015-06-30--23:55:14 -55 -83 23 -7
2015-06-30--23:55:19 -50 -78 23 -6
2015-06-30--23:55:19 -58 -79 23 -5
2015-06-30--23:55:19 -53 -80 23 -5
2015-06-30--23:55:20 -59 -84 23 -6
2015-06-30--23:55:21 -53 -83 23 -8
2015-06-30--23:55:22 -59 -80 23 -6
2015-06-30--23:55:22 -51 -78 23 -6
2015-06-30--23:55:22 -45 -74 23 -7
2015-06-30--23:55:23 -54 -81 23 -5
2015-06-30--23:55:23 -47 -75 23 -6
2015-06-30--23:55:28 -55 -77 23 -5
2015-06-30--23:55:31 -49 -76 23 -5
2015-06-30--23:55:32 -55 -78 23 -5
2015-06-30--23:55:33 -50 -77 23 -6
2015-06-30--23:55:33 -56 -83 23 -6
2015-06-30--23:55:34 -50 -77 23 -5
2015-06-30--23:55:35 -56 -83 23 -6
2015-06-30--23:55:36 -47 -74 23 -5
2015-06-30--23:55:40 -53 -83 23 -8
2015-06-30--23:55:40 -44 -73 23 -8
2015-06-30--23:55:41 -49 -77 23 -7
2015-06-30--23:55:43 -55 -88 23 -12
2015-06-30--23:55:44 -46 -80 23 -13
2015-06-30--23:55:45 -48 -83 23 -14
2015-06-30--23:55:45 -48 -83 23 -14
2015-06-30--23:55:45 -53 -80 23 -6
2015-06-30--23:55:48 -44 -71 23 -6
2015-06-30--23:55:49 -38 -64 23 -5
2015-06-30--23:55:49 -43 -63 23 -6
2015-06-30--23:55:50 -36 -63 23 -5
2015-06-30--23:55:52 -41 -70 23 -7
2015-06-30--23:55:53 -47 -79 23 -10
2015-06-30--23:55:54 -47 -79 23 -10
2015-06-30--23:55:54 -38 -65 23 -5
2015-06-30--23:55:57 -46 -72 23 -5
2015-06-30--23:55:58 -51 -78 23 -6
2015-06-30--23:55:59 -45 -72 23 -6
2015-06-30--23:56:01 -53 -75 23 -6
2015-06-30--23:56:05 -58 -88 23 -11
2015-06-30--23:56:06 -58 -88 23 -11
2015-06-30--23:56:06 -58 -88 23 -11
2015-06-30--23:56:08 -52 -79 23 -5
2015-06-30--23:56:11 -46 -72 23 -5
2015-06-30--23:56:12 -37 -64 23 -5
2015-06-30--23:56:13 -44 -70 23 -5
2015-06-30--23:56:13 -38 -65 23 -5
2015-06-30--23:56:15 -44 -70 23 -5
2015-06-30--23:56:16 -50 -76 23 -6
2015-06-30--23:56:21 -58 -78 23 -7
2015-06-30--23:56:25 -52 -93 23 -19
2015-06-30--23:56:25 -55 -92 23 -15
2015-06-30--23:56:25 -55 -92 23 -15
2015-06-30--23:56:26 -59 -86 23 -9
2015-06-30--23:56:27 -56 -90 23 -13
2015-06-30--23:56:27 -56 -90 23 -13
2015-06-30--23:56:30 -65 -99 23 -13
2015-06-30--23:56:31 -61 -98 23 -15
2015-06-30--23:56:31 -61 -98 23 -15
2015-06-30--23:56:31 -58 -86 23 -7
2015-06-30--23:56:34 -63 -91 23 -9
2015-06-30--23:56:38 -63 -95 23 -10
2015-06-30--23:56:38 -63 -95 23 -10
2015-06-30--23:56:38 -58 -88 23 -9
2015-06-30--23:56:40 -63 -90 23 -8
2015-06-30--23:56:43 -57 -90 23 -11
2015-06-30--23:56:51 -51 -82 23 -10
2015-06-30--23:56:53 -56 -87 23 -9
2015-06-30--23:57:00 -51 -79 23 -7
2015-06-30--23:57:05 -44 -79 23 -13
2015-06-30--23:57:07 -45 -80 23 -16
2015-06-30--23:57:07 -45 -80 23 -16
2015-06-30--23:57:07 -38 -65 23 -5
2015-06-30--23:57:07 -45 -63 23 -5
2015-06-30--23:57:08 -39 -64 23 -5
2015-06-30--23:57:09 -34 -61 23 -5
2015-06-30--23:57:10 -40 -63 23 -5
2015-06-30--23:57:11 -47 -73 23 -6
2015-06-30--23:57:12 -41 -69 23 -7
2015-06-30--23:57:13 -47 -79 23 -12
2015-06-30--23:57:13 -52 -76 23 -12
2015-06-30--23:57:14 -43 -79 23 -15
2015-06-30--23:57:14 -47 -81 23 -19
2015-06-30--23:57:14 -47 -81 23 -19
2015-06-30--23:57:15 -48 -75 23 -6
2015-06-30--23:57:16 -53 -83 23 -8
2015-06-30--23:57:17 -45 -77 23 -10
2015-06-30--23:57:18 -43 -75 23 -11
2015-06-30--23:57:18 -43 -75 23 -11
2015-06-30--23:57:18 -54 -79 23 -7
2015-06-30--23:57:18 -48 -75 23 -5
2015-06-30--23:57:19 -53 -73 23 -5
2015-06-30--23:57:19 -46 -73 23 -5
2015-06-30--23:57:19 -52 -73 23 -5
2015-06-30--23:57:21 -46 -73 23 -5
2015-06-30--23:57:23 -53 -75 23 -6
2015-06-30--23:57:24 -48 -74 23 -7
2015-06-30--23:57:25 -40 -69 23 -7
2015-06-30--23:57:26 -45 -69 23 -7
2015-06-30--23:57:26 -40 -69 23 -8
2015-06-30--23:57:27 -40 -71 23 -11
2015-06-30--23:57:27 -40 -71 23 -11
2015-06-30--23:57:29 -45 -72 23 -9
2015-06-30--23:57:29 -45 -72 23 -9
2015-06-30--23:57:29 -45 -72 23 -9
2015-06-30--23:57:37 -42 -80 23 -17
2015-06-30--23:57:37 -42 -80 23 -17
2015-06-30--23:57:38 -51 -75 23 -6
2015-06-30--23:57:40 -56 -87 23 -10
2015-06-30--23:57:42 -62 -95 23 -16
2015-06-30--23:57:43 -56 -91 23 -13
2015-06-30--23:57:43 -62 -95 23 -14
2015-06-30--23:57:44 -62 -95 23 -14
2015-06-30--23:57:44 -62 -95 23 -14
2015-06-30--23:57:44 -56 -86 23 -9
2015-06-30--23:57:46 -51 -87 23 -15
2015-06-30--23:57:47 -52 -89 23 -19
2015-06-30--23:57:47 -52 -89 23 -19
2015-06-30--23:57:48 -44 -72 23 -8
2015-06-30--23:57:48 -38 -67 23 -8
2015-06-30--23:57:50 -32 -60 23 -6
2015-06-30--23:57:52 -38 -65 23 -5
2015-06-30--23:57:53 -44 -71 23 -5
2015-06-30--23:57:54 -51 -79 23 -6
2015-06-30--23:57:55 -48 -84 23 -14
2015-06-30--23:57:55 -48 -84 23 -14
2015-06-30--23:57:57 -57 -83 23 -5
2015-06-30--23:57:58 -51 -78 23 -6
2015-06-30--23:57:58 -58 -80 23 -6
2015-06-30--23:57:59 -51 -76 23 -5
2015-06-30--23:58:01 -56 -82 23 -5
2015-06-30--23:58:01 -50 -77 23 -5
2015-06-30--23:58:04 -56 -81 23 -6
2015-06-30--23:58:06 -62 -84 23 -5
2015-06-30--23:58:06 -56 -79 23 -5
2015-06-30--23:58:06 -50 -77 23 -5
2015-06-30--23:58:07 -44 -71 23 -5
2015-06-30--23:58:08 -50 -75 23 -5
2015-06-30--23:58:09 -44 -70 23 -5
2015-06-30--23:58:10 -49 -72 23 -5
2015-06-30--23:58:10 -44 -71 23 -6
2015-06-30--23:58:11 -51 -72 23 -5
2015-06-30--23:58:11 -45 -72 23 -5
2015-06-30--23:58:11 -50 -71 23 -5
2015-06-30--23:58:13 -56 -76 23 -5
2015-06-30--23:58:13 -49 -75 23 -5
2015-06-30--23:58:14 -55 -77 23 -6
2015-06-30--23:58:14 -49 -75 23 -5
2015-06-30--23:58:14 -56 -77 23 -5
2015-06-30--23:58:14 -48 -78 23 -8
2015-06-30--23:58:15 -55 -76 23 -6
2015-06-30--23:58:23 -62 -90 23 -11
2015-06-30--23:58:24 -62 -90 23 -11
2015-06-30--23:58:24 -62 -90 23 -11
2015-06-30--23:58:24 -57 -86 23 -8
2015-06-30--23:58:31 -62 -86 23 -7
2015-06-30--23:58:31 -55 -83 23 -7
2015-06-30--23:58:32 -61 -85 23 -6
2015-06-30--23:58:33 -56 -83 23 -6
2015-06-30--23:58:34 -61 -82 23 -6
2015-06-30--23:58:34 -53 -81 23 -6
2015-06-30--23:58:35 -47 -75 23 -6
2015-06-30--23:58:36 -53 -76 23 -6
2015-06-30--23:58:40 -47 -75 23 -6
2015-06-30--23:58:43 -53 -80 23 -5
2015-06-30--23:58:45 -48 -75 23 -5
2015-06-30--23:58:47 -55 -78 23 -6
2015-06-30--23:58:47 -49 -77 23 -6
2015-06-30--23:58:48 -56 -80 23 -6
2015-06-30--23:58:50 -48 -75 23 -6
2015-06-30--23:58:51 -54 -75 23 -6
2015-06-30--23:58:55 -46 -80 23 -13
2015-06-30--23:58:55 -54 -88 23 -17
2015-06-30--23:58:55 -52 -84 23 -14
2015-06-30--23:58:55 -52 -84 23 -14
2015-06-30--23:58:56 -47 -75 23 -7
2015-06-30--23:59:00 -53 -81 23 -7
2015-06-30--23:59:01 -47 -74 23 -6
2015-06-30--23:59:11 -47 -76 23 -8
2015-06-30--23:59:14 -47 -77 23 -12
2015-06-30--23:59:14 -47 -77 23 -12
2015-06-30--23:59:17 -54 -79 23 -7
2015-06-30--23:59:18 -44 -71 23 -5
2015-06-30--23:59:18 -51 -75 23 -5
2015-06-30--23:59:22 -58 -84 23 -8
2015-06-30--23:59:22 -53 -82 23 -8
2015-06-30--23:59:23 -61 -89 23 -10
2015-06-30--23:59:24 -54 -89 23 -13
2015-06-30--23:59:25 -55 -93 23 -17
2015-06-30--23:59:25 -55 -93 23 -17
2015-06-30--23:59:26 -60 -88 23 -10
2015-06-30--23:59:30 -53 -80 23 -6
2015-06-30--23:59:32 -48 -74 23 -5
2015-06-30--23:59:36 -56 -80 23 -6
2015-06-30--23:59:37 -50 -76 23 -5
2015-06-30--23:59:40 -57 -84 23 -7
2015-06-30--23:59:40 -52 -80 23 -7
2015-06-30--23:59:43 -57 -87 23 -12
2015-06-30--23:59:45 -52 -84 23 -10
2015-06-30--23:59:47 -51 -83 23 -11
2015-06-30--23:59:47 -51 -83 23 -11
2015-06-30--23:59:49 -55 -90 23 -16
2015-06-30--23:59:49 -55 -90 23 -16
2015-06-30--23:59:52 -46 -71 23 -7
2015-06-30--23:59:52 -39 -67 23 -6
2015-06-30--23:59:54 -46 -71 23 -7
2015-06-30--23:59:55 -41 -68 23 -6
2015-06-30--23:59:57 -47 -71 23 -8
2015-06-30--23:59:57 -41 -69 23 -6
2015-06-30--23:59:58 -46 -74 23 -8
2015-06-30--23:59:58 -52 -80 23 -10
2015-07-01--00:00:00 -53 -89 23 -15
2015-07-01--00:00:00 -53 -89 23 -15
2015-07-01--00:00:00 -58 -88 23 -12
2015-07-01--00:00:01 -51 -84 23 -12
2015-07-01--00:00:01 -56 -89 23 -13
2015-07-01--00:00:02 -58 -94 23 -14
2015-07-01--00:00:02 -58 -94 23 -14
2015-07-01--00:00:03 -61 -93 23 -12
2015-07-01--00:00:05 -63 -100 23 -15
2015-07-01--00:00:05 -63 -100 23 -15
2015-07-01--00:00:05 -66 -99 23 -11
2015-07-01--00:00:06 -66 -100 23 -12
2015-07-01--00:00:06 -66 -100 23 -12
2015-07-01--00:00:07 -61 -91 23 -11
2015-07-01--00:00:10 -53 -80 23 -6
2015-07-01--00:00:12 -58 -84 23 -6
2015-07-01--00:00:13 -51 -78 23 -5
2015-07-01--00:00:14 -56 -83 23 -6
2015-07-01--00:00:14 -51 -80 23 -8
2015-07-01--00:00:24 -52 -82 23 -10
2015-07-01--00:00:27 -42 -80 23 -17
2015-07-01--00:00:27 -44 -77 23 -13
2015-07-01--00:00:27 -44 -77 23 -13
2015-07-01--00:00:37 -43 -70 23 -6
2015-07-01--00:00:47 -42 -71 23 -7
2015-07-01--00:00:54 -48 -75 23 -6
2015-07-01--00:00:55 -42 -69 23 -6
2015-07-01--00:00:58 -47 -75 23 -6
2015-07-01--00:01:03 -53 -74 23 -7
2015-07-01--00:01:08 -62 -89 23 -6
2015-07-01--00:01:09 -56 -94 23 -17
2015-07-01--00:01:10 -54 -93 23 -18
2015-07-01--00:01:10 -49 -76 23 -6
2015-07-01--00:01:11 -54 -82 23 -6
2015-07-01--00:01:13 -60 -84 23 -7
2015-07-01--00:01:18 -49 -77 23 -6
2015-07-01--00:01:19 -59 -82 23 -6
2015-07-01--00:01:25 -66 -94 23 -7
2015-07-01--00:01:30 -68 -108 23 -18
2015-07-01--00:01:30 -68 -108 23 -18
2015-07-01--00:01:34 -61 -92 23 -10
2015-07-01--00:01:36 -54 -85 23 -9
2015-07-01--00:01:40 -52 -83 23 -14
2015-07-01--00:01:40 -52 -83 23 -14
2015-07-01--00:01:40 -45 -73 23 -6
2015-07-01--00:01:45 -51 -81 23 -14
2015-07-01--00:01:47 -55 -85 23 -9
2015-07-01--00:01:47 -55 -85 23 -9
2015-07-01--00:01:55 -50 -78 23 -7
2015-07-01--00:02:05 -54 -84 23 -9
2015-07-01--00:02:15 -55 -84 23 -8
2015-07-01--00:02:25 -56 -87 23 -10
2015-07-01--00:02:35 -55 -86 23 -10
2015-07-01--00:02:41 -49 -82 23 -12
2015-07-01--00:02:41 -54 -85 23 -9
2015-07-01--00:02:47 -55 -87 23 -12
2015-07-01--00:02:47 -55 -87 23 -12
2015-07-01--00:02:47 -49 -77 23 -7
2015-07-01--00:02:57 -46 -73 23 -6
2015-07-01--00:02:59 -52 -76 23 -6
2015-07-01--00:03:00 -47 -74 23 -6
2015-07-01--00:03:00 -52 -79 23 -6
2015-07-01--00:03:03 -46 -76 23 -8
2015-07-01--00:03:08 -53 -80 23 -6
2015-07-01--00:03:11 -58 -86 23 -8
2015-07-01--00:03:12 -53 -81 23 -7
2015-07-01--00:03:12 -58 -86 23 -7
2015-07-01--00:03:12 -52 -81 23 -7
2015-07-01--00:03:14 -54 -87 23 -13
2015-07-01--00:03:22 -47 -74 23 -5
2015-07-01--00:03:23 -52 -83 23 -9
2015-07-01--00:03:25 -42 -83 23 -19
2015-07-01--00:03:25 -42 -83 23 -19
2015-07-01--00:03:25 -42 -83 23 -19
2015-07-01--00:03:25 -48 -74 23 -9
2015-07-01--00:03:26 -42 -66 23 -7
2015-07-01--00:03:29 -36 -64 23 -6
2015-07-01--00:03:30 -42 -69 23 -5
2015-07-01--00:03:32 -49 -77 23 -8
2015-07-01--00:03:33 -44 -71 23 -5
2015-07-01--00:03:34 -50 -73 23 -6
2015-07-01--00:03:34 -44 -71 23 -5
2015-07-01--00:03:42 -45 -78 23 -12
2015-07-01--00:03:42 -45 -78 23 -12
2015-07-01--00:03:44 -37 -65 23 -6
2015-07-01--00:03:44 -42 -69 23 -7
2015-07-01--00:03:45 -37 -65 23 -7
2015-07-01--00:03:48 -43 -70 23 -6
2015-07-01--00:03:51 -36 -68 23 -10
2015-07-01--00:03:52 -43 -70 23 -6
2015-07-01--00:03:52 -38 -67 23 -10
2015-07-01--00:03:54 -31 -62 23 -10
2015-07-01--00:03:54 -40 -66 23 -5
2015-07-01--00:03:55 -34 -61 23 -6
2015-07-01--00:03:55 -41 -68 23 -6
2015-07-01--00:03:56 -47 -74 23 -5
2015-07-01--00:04:03 -53 -74 23 -6
2015-07-01--00:04:04 -48 -75 23 -6
2015-07-01--00:04:06 -55 -79 23 -6
2015-07-01--00:04:06 -49 -76 23 -5
2015-07-01--00:04:08 -56 -79 23 -5
2015-07-01--00:04:08 -50 -78 23 -6
2015-07-01--00:04:08 -56 -81 23 -6
2015-07-01--00:04:09 -50 -77 23 -6
2015-07-01--00:04:09 -58 -79 23 -6
2015-07-01--00:04:12 -53 -79 23 -5
2015-07-01--00:04:12 -59 -81 23 -6
2015-07-01--00:04:13 -52 -83 23 -9
2015-07-01--00:04:13 -61 -84 23 -6
2015-07-01--00:04:14 -55 -81 23 -5
2015-07-01--00:04:18 -61 -85 23 -5
2015-07-01--00:04:18 -55 -84 23 -9
2015-07-01--00:04:19 -62 -87 23 -6
2015-07-01--00:04:26 -57 -86 23 -8
2015-07-01--00:04:36 -57 -85 23 -7
2015-07-01--00:04:40 -52 -84 23 -11
2015-07-01--00:04:50 -56 -83 23 -6
2015-07-01--00:05:00 -56 -86 23 -9
2015-07-01--00:05:02 -60 -88 23 -10
2015-07-01--00:05:04 -59 -91 23 -10
2015-07-01--00:05:04 -59 -91 23 -10
2015-07-01--00:05:04 -55 -82 23 -6
2015-07-01--00:05:06 -56 -87 23 -10
2015-07-01--00:05:06 -56 -87 23 -10
2015-07-01--00:05:06 -63 -98 23 -14
2015-07-01--00:05:07 -109 -140 23 -16
2015-07-01--00:05:07 -109 -140 23 -16
2015-07-01--00:05:07 -109 -140 23 -16
2015-07-01--00:05:07 -60 -92 23 -10
2015-07-01--00:05:08 -64 -95 23 -12
2015-07-01--00:05:08 -64 -95 23 -12
2015-07-01--00:05:08 -66 -98 23 -11
2015-07-01--00:05:10 -67 -102 23 -14
2015-07-01--00:05:10 -67 -102 23 -14
2015-07-01--00:05:12 -71 -100 23 -10
2015-07-01--00:05:15 -68 -103 23 -14
2015-07-01--00:05:15 -68 -103 23 -14
2015-07-01--00:05:16 -65 -92 23 -6
2015-07-01--00:05:16 -59 -87 23 -6
2015-07-01--00:05:16 -54 -81 23 -6
2015-07-01--00:05:17 -48 -75 23 -5
2015-07-01--00:05:18 -55 -81 23 -5
2015-07-01--00:05:18 -60 -87 23 -5
2015-07-01--00:05:20 -68 -95 23 -6
2015-07-01--00:05:23 -73 -106 23 -12
2015-07-01--00:05:26 -73 -109 23 -15
2015-07-01--00:05:26 -73 -109 23 -15
2015-07-01--00:05:30 -65 -98 23 -11
2015-07-01--00:05:30 -70 -98 23 -7
2015-07-01--00:05:30 -70 -98 23 -7
2015-07-01--00:05:31 -71 -98 23 -5
2015-07-01--00:05:32 -64 -91 23 -5
2015-07-01--00:05:35 -71 -96 23 -5
2015-07-01--00:05:37 -65 -92 23 -5
2015-07-01--00:05:42 -60 -86 23 -5
2015-07-01--00:05:42 -65 -89 23 -5
2015-07-01--00:05:43 -56 -78 23 -5
2015-07-01--00:05:44 -62 -82 23 -5
2015-07-01--00:05:45 -53 -79 23 -5
2015-07-01--00:05:45 -60 -82 23 -5
2015-07-01--00:05:49 -66 -92 23 -5
2015-07-01--00:05:50 -58 -85 23 -5
2015-07-01--00:05:50 -65 -85 23 -5
2015-07-01--00:05:50 -57 -84 23 -5
2015-07-01--00:05:50 -66 -87 23 -5
2015-07-01--00:05:51 -60 -87 23 -5
2015-07-01--00:05:52 -66 -86 23 -5
2015-07-01--00:05:53 -58 -84 23 -5
2015-07-01--00:05:54 -52 -79 23 -5
2015-07-01--00:05:54 -47 -74 23 -5
2015-07-01--00:05:55 -52 -79 23 -5
2015-07-01--00:05:55 -46 -72 23 -5
2015-07-01--00:05:55 -57 -83 23 -5
2015-07-01--00:05:56 -46 -79 23 -11
2015-07-01--00:05:56 -59 -85 23 -5
2015-07-01--00:05:58 -65 -91 23 -5
2015-07-01--00:06:01 -71 -94 23 -6
2015-07-01--00:06:04 -63 -90 23 -5
2015-07-01--00:06:06 -57 -85 23 -7
2015-07-01--00:06:07 -64 -91 23 -5
2015-07-01--00:06:11 -70 -93 23 -5
2015-07-01--00:06:13 -62 -89 23 -5
2015-07-01--00:06:13 -68 -93 23 -5
2015-07-01--00:06:13 -62 -89 23 -5
2015-07-01--00:06:14 -68 -88 23 -5
2015-07-01--00:06:14 -62 -89 23 -5
2015-07-01--00:06:15 -68 -87 23 -5
2015-07-01--00:06:15 -60 -87 23 -5
2015-07-01--00:06:16 -66 -91 23 -5
2015-07-01--00:06:23 -71 -97 23 -5
2015-07-01--00:06:33 -75 -102 23 -5
2015-07-01--00:06:36 -80 -106 23 -5
2015-07-01--00:06:41 -81 -108 23 -5
2015-07-01--00:06:41 -81 -108 23 -5
2015-07-01--00:06:41 -65 -92 23 -6
2015-07-01--00:06:42 -56 -82 23 -5
2015-07-01--00:06:42 -62 -89 23 -5
2015-07-01--00:06:45 -56 -82 23 -5
2015-07-01--00:06:46 -61 -88 23 -5
2015-07-01--00:06:46 -55 -86 23 -9
2015-07-01--00:06:47 -60 -87 23 -5
2015-07-01--00:06:47 -66 -92 23 -7
2015-07-01--00:06:51 -72 -100 23 -8
2015-07-01--00:06:54 -72 -105 23 -12
2015-07-01--00:06:54 -72 -105 23 -12
2015-07-01--00:06:58 -66 -98 23 -10
2015-07-01--00:06:58 -71 -101 23 -9
2015-07-01--00:06:59 -66 -97 23 -10
2015-07-01--00:07:01 -72 -102 23 -10
2015-07-01--00:07:02 -67 -100 23 -12
2015-07-01--00:07:08 -109 -140 23 -16
2015-07-01--00:07:08 -109 -140 23 -16
2015-07-01--00:07:08 -109 -140 23 -16
2015-07-01--00:07:08 -57 -93 23 -15
2015-07-01--00:07:09 -56 -94 23 -17
2015-07-01--00:07:09 -56 -94 23 -17
2015-07-01--00:07:12 -58 -93 23 -13
2015-07-01--00:07:12 -58 -93 23 -13
2015-07-01--00:07:18 -59 -90 23 -10
2015-07-01--00:07:25 -60 -98 23 -19
2015-07-01--00:07:25 -60 -98 23 -19
2015-07-01--00:07:25 -52 -90 23 -17
2015-07-01--00:07:26 -52 -90 23 -17
2015-07-01--00:07:26 -52 -90 23 -17
2015-07-01--00:07:27 -57 -85 23 -7
2015-07-01--00:07:32 -48 -76 23 -7
2015-07-01--00:07:36 -42 -75 23 -12
2015-07-01--00:07:37 -50 -79 23 -11
2015-07-01--00:07:40 -55 -86 23 -9
2015-07-01--00:07:41 -55 -95 23 -19
2015-07-01--00:07:41 -55 -95 23 -19
2015-07-01--00:07:49 -56 -88 23 -10
2015-07-01--00:07:56 -54 -90 23 -14
2015-07-01--00:07:56 -54 -90 23 -14
2015-07-01--00:07:56 -49 -81 23 -10
2015-07-01--00:07:56 -56 -82 23 -8
2015-07-01--00:08:00 -50 -84 23 -12
2015-07-01--00:08:04 -56 -83 23 -7
2015-07-01--00:08:05 -50 -79 23 -8
2015-07-01--00:08:15 -50 -83 23 -11
2015-07-01--00:08:16 -56 -86 23 -11
2015-07-01--00:08:20 -61 -94 23 -12
2015-07-01--00:08:21 -59 -94 23 -13
2015-07-01--00:08:21 -59 -94 23 -13
2015-07-01--00:08:30 -63 -88 23 -6
2015-07-01--00:08:30 -58 -85 23 -6
2015-07-01--00:08:35 -64 -90 23 -8
2015-07-01--00:08:38 -56 -90 23 -12
2015-07-01--00:08:38 -62 -91 23 -11
2015-07-01--00:08:40 -61 -90 23 -13
2015-07-01--00:08:40 -61 -90 23 -13
2015-07-01--00:08:40 -56 -82 23 -6
2015-07-01--00:08:43 -48 -76 23 -7
2015-07-01--00:08:46 -40 -67 23 -6
2015-07-01--00:08:46 -46 -69 23 -5
2015-07-01--00:08:47 -37 -65 23 -6
2015-07-01--00:08:47 -44 -66 23 -6
2015-07-01--00:08:48 -39 -66 23 -5
2015-07-01--00:08:55 -34 -62 23 -7
2015-07-01--00:08:57 -39 -64 23 -6
2015-07-01--00:08:59 -34 -62 23 -6
2015-07-01--00:09:00 -41 -66 23 -6
2015-07-01--00:09:00 -35 -63 23 -6
2015-07-01--00:09:00 -42 -65 23 -6
2015-07-01--00:09:00 -37 -65 23 -7
2015-07-01--00:09:01 -42 -65 23 -6
2015-07-01--00:09:01 -36 -65 23 -7
2015-07-01--00:09:01 -43 -65 23 -6
2015-07-01--00:09:02 -35 -63 23 -7
2015-07-01--00:09:03 -41 -67 23 -6
2015-07-01--00:09:13 -48 -72 23 -7
2015-07-01--00:09:13 -42 -71 23 -7
2015-07-01--00:09:18 -36 -68 23 -11
2015-07-01--00:09:18 -41 -70 23 -7
2015-07-01--00:09:20 -47 -80 23 -12
2015-07-01--00:09:21 -45 -81 23 -16
2015-07-01--00:09:21 -45 -81 23 -16
2015-07-01--00:09:23 -41 -68 23 -5
2015-07-01--00:09:24 -47 -74 23 -6
2015-07-01--00:09:25 -40 -72 23 -10
2015-07-01--00:09:26 -48 -75 23 -6
2015-07-01--00:09:27 -42 -69 23 -5
2015-07-01--00:09:27 -47 -74 23 -5
2015-07-01--00:09:32 -55 -78 23 -5
2015-07-01--00:09:34 -49 -77 23 -6
2015-07-01--00:09:34 -55 -78 23 -5
2015-07-01--00:09:36 -61 -82 23 -5
2015-07-01--00:09:42 -67 -90 23 -7
2015-07-01--00:09:43 -59 -87 23 -6
2015-07-01--00:09:44 -65 -93 23 -6
2015-07-01--00:09:54 -67 -105 23 -19
2015-07-01--00:10:00 -109 -140 23 -19
2015-07-01--00:10:00 -60 -109 23 -19
2015-07-01--00:10:04 -65 -100 23 -18
2015-07-01--00:10:09 -66 -105 23 -17
2015-07-01--00:10:09 -66 -105 23 -17
2015-07-01--00:10:10 -58 -85 23 -6
2015-07-01--00:10:15 -63 -90 23 -5
2015-07-01--00:10:21 -57 -84 23 -6
2015-07-01--00:10:22 -63 -86 23 -6
2015-07-01--00:10:26 -57 -84 23 -5
2015-07-01--00:10:30 -62 -90 23 -6
2015-07-01--00:10:37 -55 -88 23 -12
2015-07-01--00:10:37 -61 -88 23 -6
2015-07-01--00:10:42 -55 -85 23 -8
2015-07-01--00:10:43 -60 -85 23 -6
2015-07-01--00:10:45 -54 -87 23 -12
2015-07-01--00:10:46 -60 -87 23 -9
2015-07-01--00:10:46 -54 -88 23 -13
2015-07-01--00:10:46 -60 -86 23 -10
2015-07-01--00:10:47 -57 -88 23 -12
2015-07-01--00:10:47 -57 -88 23 -12
2015-07-01--00:10:47 -52 -80 23 -7
2015-07-01--00:10:49 -60 -89 23 -10
2015-07-01--00:10:50 -62 -94 23 -14
2015-07-01--00:10:50 -62 -94 23 -14
2015-07-01--00:10:57 -59 -92 23 -13
2015-07-01--00:10:57 -59 -92 23 -13
2015-07-01--00:10:59 -55 -85 23 -9
2015-07-01--00:10:59 -60 -88 23 -7
2015-07-01--00:10:59 -53 -83 23 -8
2015-07-01--00:11:00 -61 -87 23 -7
2015-07-01--00:11:01 -55 -83 23 -6
2015-07-01--00:11:03 -61 -85 23 -6
2015-07-01--00:11:03 -54 -83 23 -11
2015-07-01--00:11:04 -48 -73 23 -6
2015-07-01--00:11:05 -54 -76 23 -6
2015-07-01--00:11:06 -48 -76 23 -7
2015-07-01--00:11:06 -56 -78 23 -6
2015-07-01--00:11:08 -49 -77 23 -7
2015-07-01--00:11:10 -54 -82 23 -6
2015-07-01--00:11:11 -45 -74 23 -8
2015-07-01--00:11:11 -50 -77 23 -6
2015-07-01--00:11:13 -45 -72 23 -6
2015-07-01--00:11:13 -51 -79 23 -6
2015-07-01--00:11:13 -46 -73 23 -6
2015-07-01--00:11:16 -52 -80 23 -6
2015-07-01--00:11:17 -46 -73 23 -6
2015-07-01--00:11:17 -54 -79 23 -6
2015-07-01--00:11:18 -48 -75 23 -6
2015-07-01--00:11:22 -55 -78 23 -6
2015-07-01--00:11:22 -50 -77 23 -5
2015-07-01--00:11:23 -58 -84 23 -8
2015-07-01--00:11:23 -50 -78 23 -6
2015-07-01--00:11:25 -44 -70 23 -5
2015-07-01--00:11:27 -49 -68 23 -6
2015-07-01--00:11:27 -41 -68 23 -5
2015-07-01--00:11:28 -47 -67 23 -5
2015-07-01--00:11:28 -40 -67 23 -5
2015-07-01--00:11:29 -47 -70 23 -5
2015-07-01--00:11:29 -41 -68 23 -5
2015-07-01--00:11:30 -33 -66 23 -12
2015-07-01--00:11:30 -41 -65 23 -9
2015-07-01--00:11:36 -36 -64 23 -6
2015-07-01--00:11:37 -42 -64 23 -5
2015-07-01--00:11:38 -36 -63 23 -9
2015-07-01--00:11:41 -42 -62 23 -5
2015-07-01--00:11:41 -35 -62 23 -6
2015-07-01--00:11:47 -40 -63 23 -5
2015-07-01--00:11:48 -35 -62 23 -6
2015-07-01--00:11:48 -41 -62 23 -5
2015-07-01--00:11:49 -35 -62 23 -5
2015-07-01--00:11:49 -42 -62 23 -6
2015-07-01--00:11:49 -35 -62 23 -5
2015-07-01--00:11:49 -41 -63 23 -5
2015-07-01--00:11:50 -35 -63 23 -6
2015-07-01--00:11:54 -41 -63 23 -6
2015-07-01--00:11:54 -31 -63 23 -10
2015-07-01--00:11:55 -36 -63 23 -5
2015-07-01--00:11:57 -42 -63 23 -6
2015-07-01--00:11:57 -35 -63 23 -6
2015-07-01--00:12:01 -41 -62 23 -6
2015-07-01--00:12:02 -34 -61 23 -5
2015-07-01--00:12:03 -40 -62 23 -5
2015-07-01--00:12:07 -45 -71 23 -6
2015-07-01--00:12:09 -39 -67 23 -6
2015-07-01--00:12:13 -46 -70 23 -7
2015-07-01--00:12:14 -39 -69 23 -8
2015-07-01--00:12:14 -46 -70 23 -6
2015-07-01--00:12:16 -38 -70 23 -11
2015-07-01--00:12:16 -43 -71 23 -6
2015-07-01--00:12:18 -50 -77 23 -6
2015-07-01--00:12:18 -43 -71 23 -7
2015-07-01--00:12:19 -51 -77 23 -5
2015-07-01--00:12:22 -56 -83 23 -6
2015-07-01--00:12:23 -61 -89 23 -6
2015-07-01--00:12:27 -67 -90 23 -8
2015-07-01--00:12:27 -62 -91 23 -8
2015-07-01--00:12:27 -67 -95 23 -11
2015-07-01--00:12:27 -60 -92 23 -11
2015-07-01--00:12:28 -65 -93 23 -9
2015-07-01--00:12:29 -60 -93 23 -12
2015-07-01--00:12:33 -61 -94 23 -12
2015-07-01--00:12:33 -61 -94 23 -12
2015-07-01--00:12:35 -66 -92 23 -6
2015-07-01--00:12:36 -60 -88 23 -6
2015-07-01--00:12:38 -66 -90 23 -6
2015-07-01--00:12:39 -60 -88 23 -6
2015-07-01--00:12:41 -55 -82 23 -6
2015-07-01--00:12:42 -60 -85 23 -8
2015-07-01--00:12:43 -66 -91 23 -8
2015-07-01--00:12:43 -60 -90 23 -10
2015-07-01--00:12:44 -52 -82 23 -8
2015-07-01--00:12:45 -61 -90 23 -8
2015-07-01--00:12:49 -61 -95 23 -13
2015-07-01--00:12:49 -61 -95 23 -13
2015-07-01--00:12:51 -53 -80 23 -5
2015-07-01--00:12:53 -59 -88 23 -7
2015-07-01--00:12:55 -54 -82 23 -6
2015-07-01--00:12:58 -59 -89 23 -8
2015-07-01--00:13:00 -51 -81 23 -8
2015-07-01--00:13:01 -59 -85 23 -7
2015-07-01--00:13:02 -53 -81 23 -7
2015-07-01--00:13:08 -47 -75 23 -7
2015-07-01--00:13:16 -52 -78 23 -8
2015-07-01--00:13:18 -53 -88 23 -15
2015-07-01--00:13:18 -53 -88 23 -15
2015-07-01--00:13:26 -46 -73 23 -5
2015-07-01--00:13:33 -52 -76 23 -5
2015-07-01--00:13:35 -45 -72 23 -5
2015-07-01--00:13:35 -51 -74 23 -5
2015-07-01--00:13:39 -57 -83 23 -7
2015-07-01--00:13:45 -52 -80 23 -7
2015-07-01--00:13:47 -57 -82 23 -8
2015-07-01--00:13:48 -58 -86 23 -8
2015-07-01--00:13:48 -58 -86 23 -8
2015-07-01--00:13:52 -52 -82 23 -9
2015-07-01--00:13:52 -57 -86 23 -12
2015-07-01--00:13:52 -57 -86 23 -12
2015-07-01--00:13:52 -57 -86 23 -12
2015-07-01--00:13:53 -59 -92 23 -12
2015-07-01--00:13:53 -59 -92 23 -12
2015-07-01--00:13:57 -56 -86 23 -8
2015-07-01--00:13:57 -56 -86 23 -8
2015-07-01--00:14:02 -56 -83 23 -5
2015-07-01--00:14:02 -62 -89 23 -6
2015-07-01--00:14:06 -53 -80 23 -5
2015-07-01--00:14:06 -60 -88 23 -6
2015-07-01--00:14:08 -51 -140 23 -19
2015-07-01--00:14:09 -51 -140 23 -19
2015-07-01--00:14:09 -51 -140 23 -19
2015-07-01--00:14:09 -57 -84 23 -6
2015-07-01--00:14:09 -48 -75 23 -5
2015-07-01--00:14:09 -55 -81 23 -5
2015-07-01--00:14:10 -49 -77 23 -6
2015-07-01--00:14:11 -55 -83 23 -6
2015-07-01--00:14:14 -61 -91 23 -8
2015-07-01--00:14:17 -109 -140 23 -15
2015-07-01--00:14:18 -109 -140 23 -15
2015-07-01--00:14:18 -109 -140 23 -15
2015-07-01--00:14:18 -66 -95 23 -8
2015-07-01--00:14:21 -60 -90 23 -8
2015-07-01--00:14:21 -66 -94 23 -10
2015-07-01--00:14:22 -59 -89 23 -8
2015-07-01--00:14:22 -66 -88 23 -7
2015-07-01--00:14:25 -61 -95 23 -12
2015-07-01--00:14:25 -61 -95 23 -12
2015-07-01--00:14:25 -60 -90 23 -8
2015-07-01--00:14:25 -66 -96 23 -10
2015-07-01--00:14:28 -67 -103 23 -17
2015-07-01--00:14:28 -67 -103 23 -17
2015-07-01--00:14:29 -60 -88 23 -6
2015-07-01--00:14:29 -67 -95 23 -9
2015-07-01--00:14:30 -61 -91 23 -8
2015-07-01--00:14:32 -64 -97 23 -13
2015-07-01--00:14:32 -64 -97 23 -13
2015-07-01--00:14:33 -56 -84 23 -6
2015-07-01--00:14:34 -62 -89 23 -8
2015-07-01--00:14:35 -56 -84 23 -7
2015-07-01--00:14:45 -53 -80 23 -6
2015-07-01--00:14:45 -58 -86 23 -7
2015-07-01--00:14:47 -51 -78 23 -5
2015-07-01--00:14:47 -57 -85 23 -7
2015-07-01--00:14:57 -60 -87 23 -7
2015-07-01--00:14:58 -63 -91 23 -9
2015-07-01--00:14:58 -57 -85 23 -6
2015-07-01--00:15:00 -52 -79 23 -6
2015-07-01--00:15:02 -57 -87 23 -8
2015-07-01--00:15:05 -59 -93 23 -12
2015-07-01--00:15:05 -59 -93 23 -12
2015-07-01--00:15:07 -62 -92 23 -9
2015-07-01--00:15:12 -57 -85 23 -6
2015-07-01--00:15:22 -58 -86 23 -6
2015-07-01--00:15:32 -57 -88 23 -9
